======================================================================================================================================
                                          AEGSO METRICS by pgen – lab  (W0=1.00, Pswap=1.0)                                           
======================================================================================================================================
 pgen  M_att  n_ok  frac_ok  pgen_Navg  t_gen_µs  t_exp_µs  t_total_µs  gen_rtt_µs  W_repeater  EN_mean   R_per_att  R_unit  frac_post  R_unit_w  R_60s 
--------------------------------------------------------------------------------------------------------------------------------------
 0.10  1689   184    0.109     1.50      713.93    13.14      727.07      429.34      0.6371    0.985826    224.7    2062.5    0.11      2182.7   0.03  
 0.20  1045   223    0.213     2.88     1329.23    107.75    1436.97      451.73      0.6337    0.882115    442.7    2074.4    0.19      2241.6   0.59  
 0.30   719   200    0.278     1.69      937.80    121.33    1059.13      547.08      0.6157    0.877688    482.8    1735.7    0.26      1927.7   0.19  
 0.40   729   285    0.391     1.85      780.15    47.26      827.41      435.43      0.6479    0.951833    776.0    1985.0    0.24      2197.5   1.51  
 0.50  1083   555    0.512     1.58      660.34    25.54      685.88      426.90      0.6979    0.973929   1110.1    2166.2    0.17      2357.7   5.81  
 0.60   516   305    0.591     1.36      557.79    15.54      573.34      429.76      0.7213    0.983895   1060.6    1794.4    0.41      2190.0   1.74  
 0.70   595   408    0.686     1.29      495.28     5.60      500.88      396.35      0.7549    0.994340   1353.0    1973.2    0.30      2318.5   3.43  
 0.80  2684   2142   0.798     1.20      464.93     0.87      465.80      396.76      0.7469    0.999093   1971.0    2469.7    0.05      2532.1   32.97 
 0.90  2270   2017   0.889     1.10      414.21     0.00      414.21      385.90      0.7618    1.000000   2299.3    2587.7    0.01      2596.9   33.00 
 1.00  2000   2000   1.000     1.00      379.01     0.00      379.01      389.96      0.7778    1.000000   2562.9    2562.9    0.00      2562.9   33.00 
======================================================================================================================================
