==================================================================================================================
                                          AEGSO METRICS – lab  (W0=1.00)                                          
==================================================================================================================
 pswap  M_ok  pgen_Navg  t_gen_µs  t_exp_µs  t_total_µs  gen_rtt_µs  W_repeater  EN_mean   Rate_ebits/s 
------------------------------------------------------------------------------------------------------------------
 0.10   765     1.18      467.08     3.76      470.84      397.25      0.7495    0.995814     12.70     
 0.20   1382    1.16      450.36     2.37      452.72      393.29      0.7484    0.997429     22.97     
 0.30   2092    1.17      452.73     2.98      455.71      391.61      0.7540    0.996729     34.75     
 0.40   3069    1.18      451.28     1.38      452.66      391.79      0.7496    0.998577     51.08     
 0.50   3501    1.15      441.48     2.49      443.97      390.35      0.7527    0.997367     58.20     
 0.60   3137    1.24      484.23     5.13      489.35      397.28      0.7396    0.994476     51.99     
 0.70   4984    1.15      443.88     2.97      446.85      393.52      0.7525    0.996913     82.81     
 0.80   6029    1.17      451.30     2.80      454.10      392.28      0.7513    0.997025     100.18    
 0.90   6579    1.20      464.02     3.71      467.73      396.38      0.7436    0.996044     109.22    
 1.00   6761    1.16      448.17     3.56      451.73      394.86      0.7552    0.996315     112.27    
==================================================================================================================
