======================================================================================================================================
                                         AEGSO METRICS by pgen – teleco  (W0=1.00, Pswap=1.0)                                         
======================================================================================================================================
 pgen  M_att  n_ok  frac_ok  pgen_Navg  t_gen_µs  t_exp_µs  t_total_µs  gen_rtt_µs  W_repeater  EN_mean   R_per_att  R_unit  frac_post  R_unit_w  R_60s 
--------------------------------------------------------------------------------------------------------------------------------------
 0.10  1765   184    0.104     3.00      911.75    217.70    1129.45      266.27      0.6371    0.778160    404.8    3882.7    0.09      4158.1   0.03  
 0.20  1142   224    0.196     4.92     1587.43    200.71    1788.14      260.46      0.6355    0.787645    673.7    3434.4    0.15      3805.6   0.53  
 0.30   694   200    0.288     3.77     1684.82    159.42    1844.24      411.36      0.6581    0.820476    690.8    2397.0    0.26      2802.2   0.18  
 0.40   691   285    0.412     2.49      629.65    274.56     904.21      259.42      0.6484    0.699452   1193.7    2894.2    0.28      3540.4   1.11  
 0.50  1094   555    0.507     1.96      478.36    226.36     704.72      241.60      0.7011    0.757650   2083.5    4107.0    0.16      4650.3   4.52  
 0.60   488   305    0.625     1.62      387.77    209.84     597.60      233.33      0.7186    0.777057   1746.3    2794.0    0.41      3878.4   1.37  
 0.70   580   408    0.703     1.44      226.06    202.84     428.89      174.20      0.7568    0.788328   2779.0    3950.5    0.35      5386.1   2.72  
 0.80  2678   2142   0.800     1.25      194.06    207.43     401.49      170.49      0.7466    0.784259   4655.5    5820.5    0.05      6069.8   25.88 
 0.90  2212   2017   0.912     1.10      152.42    168.17     320.59      155.06      0.7619    0.823961   5943.2    6517.8    0.01      6561.6   27.19 
 1.00  2000   2000   1.000     1.00      143.69    158.96     302.66      162.51      0.7780    0.831532   6154.9    6154.9    0.00      6154.9   27.44 
======================================================================================================================================
