==================================================================================================================
                                        AEGSO METRICS – teleco  (W0=1.00)                                         
==================================================================================================================
 pswap  M_ok  pgen_Navg  t_gen_µs  t_exp_µs  t_total_µs  gen_rtt_µs  W_repeater  EN_mean   Rate_ebits/s 
------------------------------------------------------------------------------------------------------------------
 0.10   761     1.27      218.87    184.32     403.19      181.86      0.7507    0.806982     10.24     
 0.20   1375    1.24      198.86    178.13     376.99      175.29      0.7498    0.812989     18.63     
 0.30   2104    1.23      204.10    185.89     389.99      169.88      0.7531    0.804653     28.22     
 0.40   3065    1.24      192.26    195.79     388.05      164.37      0.7500    0.795008     40.61     
 0.50   3505    1.23      193.30    195.10     388.41      167.43      0.7520    0.794685     46.42     
 0.60   3137    1.38      232.13    210.22     442.35      173.00      0.7396    0.779893     40.78     
 0.70   4983    1.23      202.07    193.65     395.72      170.63      0.7520    0.796714     66.17     
 0.80   6032    1.25      199.60    194.15     393.75      166.62      0.7510    0.795414     79.97     
 0.90   6581    1.27      211.16    208.46     419.62      170.00      0.7430    0.781591     85.73     
 1.00   6761    1.23      203.63    183.45     387.08      170.77      0.7555    0.807229     90.96     
==================================================================================================================
