===================================================================================================================
         AEGO EXPERIMENTAL ENTANGLEMENT METRICS SUMMARY (Full Round-Trip Time ($RTT$), Tcoh=1.0ms, W0=1.00)        
===================================================================================================================
 pgen  M_total    Ngen     tgen_mean_ms  e2r_ns_mean  rtt_ns_mean  EN_mean   Rate_indiv_mean 
-------------------------------------------------------------------------------------------------------------------
 0.1     531    10.615819    4.122748     166565.41    386807.06   0.602967    390.010842    
 0.2    1193    4.755239     1.858499     175482.79    389047.06   0.600803    641.295825    
 0.3    1712    3.323014     1.284364     153051.40    384769.97   0.604939    819.032509    
 0.4    2291    2.485378     0.960026     166662.51    384575.04   0.605018    959.849006    
 0.5    2876    1.979833     0.767130     164794.29    385877.35   0.603867    1092.766886   
 0.6    3422    1.664816     0.642461     180015.55    384669.02   0.605038    1204.037353   
 0.7    4691    1.417608     0.547290     171651.67    385104.50   0.604617    1312.645796   
 0.8    4603    1.238106     0.479683     173827.48    386823.69   0.602954    1396.813515   
 0.9    5128    1.111349     0.428875     173889.38    385513.16   0.604225    1486.634133   
 1.0    6650    1.000000     0.379106     158804.84    379105.60   0.610433    1610.959701   
===================================================================================================================
