===================================================================================================================
             AEGO EXPERIMENTAL ENTANGLEMENT METRICS SUMMARY (One-Way Time ($E2R$), Tcoh=1.0ms, W0=1.00)            
===================================================================================================================
 pgen  M_total    Ngen     tgen_mean_ms  e2r_ns_mean  rtt_ns_mean  EN_mean   Rate_indiv_mean 
-------------------------------------------------------------------------------------------------------------------
 0.1     531    10.615819    4.122748     166565.41    386807.06   0.823644    532.683952    
 0.2    1193    4.755239     1.858499     175482.79    389047.06   0.814449    869.642334    
 0.3    1712    3.323014     1.284364     153051.40    384769.97   0.837666    1134.308900   
 0.4    2291    2.485378     0.960026     166662.51    384575.04   0.823568    1305.656466   
 0.5    2876    1.979833     0.767130     164794.29    385877.35   0.825497    1492.971660   
 0.6    3422    1.664816     0.642461     180015.55    384669.02   0.809812    1611.021071   
 0.7    4691    1.417608     0.547290     171651.67    385104.50   0.818450    1776.611428   
 0.8    4603    1.238106     0.479683     173827.48    386823.69   0.816208    1890.826414   
 0.9    5128    1.111349     0.428875     173889.38    385513.16   0.816093    2007.428889   
 1.0    6650    1.000000     0.379106     158804.84    379105.60   0.831682    2194.714478   
===================================================================================================================
