count_idx,delay_ns,delay_physical_ns,final_e2e_via_r2_ns,stage2_link_delay_ns,stage1_delay_ns,ts_r1_ns,ts_r2_ns,ts_r2_on_r1_ns,stage1_recv_r1_ns,stage2_recv_r1_ns,stage2_recv_r2_ns,bits_r1,bits_final,w14,w56,w_final_raw,werner_intermediate,werner_final,state_after_stage1_peer_id,state_final_peer_id
51,274276,274276,274276,-13634,,1783334485171920037,1783334485172207947,1783334485172207947,,1783334485172194313,1783334485172194313,,2,1.000000000000,1.000000000000,1.000000000000,,0.577785838844,,1
52,274051,274051,274051,-13904,,1783334485172046388,1783334485172334343,1783334485172334343,,1783334485172320439,1783334485172320439,,3,1.000000000000,1.000000000000,1.000000000000,,0.578045900982,,1
53,274607,274607,274607,-12224,,1783334485172168479,1783334485172455310,1783334485172455310,,1783334485172443086,1783334485172443086,,3,1.000000000000,1.000000000000,1.000000000000,,0.577403471197,,1
54,287003,287003,287003,-13604,,1783334485172289399,1783334485172590006,1783334485172590006,,1783334485172576402,1783334485172576402,,1,1.000000000000,1.000000000000,1.000000000000,,0.563264475525,,1
55,272729,272729,272729,-14744,,1783334485172403220,1783334485172690693,1783334485172690693,,1783334485172675949,1783334485172675949,,1,1.000000000000,1.000000000000,1.000000000000,,0.579576276609,,1
56,273695,273695,273695,-12764,,1783334485172521971,1783334485172808430,1783334485172808430,,1783334485172795666,1783334485172795666,,0,1.000000000000,1.000000000000,1.000000000000,,0.578457616216,,1
57,272311,272311,272311,-13563,,1783334485172640642,1783334485172926516,1783334485172926516,,1783334485172912953,1783334485172912953,,1,1.000000000000,1.000000000000,1.000000000000,,0.580061004964,,1
58,274037,274037,274037,-10973,,1783334485172758403,1783334485173043413,1783334485173043413,,1783334485173032440,1783334485173032440,,0,1.000000000000,1.000000000000,1.000000000000,,0.578062086493,,1
59,270352,270352,270352,-15024,,1783334485172876024,1783334485173161400,1783334485173161400,,1783334485173146376,1783334485173146376,,3,1.000000000000,1.000000000000,1.000000000000,,0.582338141980,,1
60,272599,272599,272599,-13883,,1783334485172993544,1783334485173280026,1783334485173280026,,1783334485173266143,1783334485173266143,,0,1.000000000000,1.000000000000,1.000000000000,,0.579726986032,,1
61,277815,277815,277815,-9483,,1783334485173116235,1783334485173403533,1783334485173403533,,1783334485173394050,1783334485173394050,,3,1.000000000000,1.000000000000,1.000000000000,,0.573710709573,,1
62,272500,272500,272500,-14383,,1783334485173236416,1783334485173523299,1783334485173523299,,1783334485173508916,1783334485173508916,,1,1.000000000000,1.000000000000,1.000000000000,,0.579841783340,,1
63,275278,275278,275278,-13842,,1783334485173355946,1783334485173645066,1783334485173645066,,1783334485173631224,1783334485173631224,,3,1.000000000000,1.000000000000,1.000000000000,,0.576629115447,,1
64,272144,272144,272144,-14491,,1783334485173476437,1783334485173763072,1783334485173763072,,1783334485173748581,1783334485173748581,,1,1.000000000000,1.000000000000,1.000000000000,,0.580254777698,,1
65,269948,269948,269948,-14332,,1783334485173597479,1783334485173881759,1783334485173881759,,1783334485173867427,1783334485173867427,,0,1.000000000000,1.000000000000,1.000000000000,,0.582808861344,,1
66,273335,273335,273335,-13252,,1783334485173714439,1783334485174001026,1783334485174001026,,1783334485173987774,1783334485173987774,,0,1.000000000000,1.000000000000,1.000000000000,,0.578874255672,,1
67,271731,271731,271731,-13841,,1783334485173833100,1783334485174118672,1783334485174118672,,1783334485174104831,1783334485174104831,,0,1.000000000000,1.000000000000,1.000000000000,,0.580734266146,,1
68,279016,279016,279016,-8322,,1783334485173950741,1783334485174238079,1783334485174238079,,1783334485174229757,1783334485174229757,,0,1.000000000000,1.000000000000,1.000000000000,,0.572334310166,,1
69,271943,271943,271943,-14341,,1783334485174073681,1783334485174359965,1783334485174359965,,1783334485174345624,1783334485174345624,,2,1.000000000000,1.000000000000,1.000000000000,,0.580488087011,,1
70,271169,271169,271169,-14911,,1783334485174193122,1783334485174479202,1783334485174479202,,1783334485174464291,1783334485174464291,,2,1.000000000000,1.000000000000,1.000000000000,,0.581387378441,,1
71,273824,273824,273824,-14711,,1783334485174316273,1783334485174604808,1783334485174604808,,1783334485174590097,1783334485174590097,,0,1.000000000000,1.000000000000,1.000000000000,,0.578308393402,,1
72,273400,273400,273400,-13341,,1783334485174436624,1783334485174723365,1783334485174723365,,1783334485174710024,1783334485174710024,,0,1.000000000000,1.000000000000,1.000000000000,,0.578799006910,,1
73,278296,278296,278296,-11481,,1783334485174556035,1783334485174845812,1783334485174845812,,1783334485174834331,1783334485174834331,,2,1.000000000000,1.000000000000,1.000000000000,,0.573159065253,,1
74,271482,271482,271482,-14371,,1783334485174675286,1783334485174961139,1783334485174961139,,1783334485174946768,1783334485174946768,,2,1.000000000000,1.000000000000,1.000000000000,,0.581023543835,,1
75,271048,271048,271048,-14772,,1783334485174793266,1783334485175079086,1783334485175079086,,1783334485175064314,1783334485175064314,,1,1.000000000000,1.000000000000,1.000000000000,,0.581528091213,,1
76,271454,271454,271454,-14371,,1783334485174913977,1783334485175199802,1783334485175199802,,1783334485175185431,1783334485175185431,,0,1.000000000000,1.000000000000,1.000000000000,,0.581056082064,,1
77,272380,272380,272380,-14841,,1783334485175033018,1783334485175320239,1783334485175320239,,1783334485175305398,1783334485175305398,,1,1.000000000000,1.000000000000,1.000000000000,,0.579980962069,,1
78,277626,277626,277626,-10701,,1783334485175156708,1783334485175445035,1783334485175445035,,1783334485175434334,1783334485175434334,,0,1.000000000000,1.000000000000,1.000000000000,,0.573927613213,,1
79,281562,281562,281562,-9221,,1783334485175275639,1783334485175566422,1783334485175566422,,1783334485175557201,1783334485175557201,,0,1.000000000000,1.000000000000,1.000000000000,,0.569427391155,,1
80,275938,275938,275938,-13140,,1783334485175396120,1783334485175685198,1783334485175685198,,1783334485175672058,1783334485175672058,,2,1.000000000000,1.000000000000,1.000000000000,,0.575868467153,,1
81,271564,271564,271564,-14060,,1783334485175515561,1783334485175801185,1783334485175801185,,1783334485175787125,1783334485175787125,,0,1.000000000000,1.000000000000,1.000000000000,,0.580928263787,,1
82,282219,282219,282219,-11211,,1783334485175633212,1783334485175926642,1783334485175926642,,1783334485175915431,1783334485175915431,,0,1.000000000000,1.000000000000,1.000000000000,,0.568679654933,,1
83,271256,271256,271256,-13900,,1783334485175746662,1783334485176031818,1783334485176031818,,1783334485176017918,1783334485176017918,,0,1.000000000000,1.000000000000,1.000000000000,,0.581286225838,,1
84,272552,272552,272552,-12850,,1783334485175864413,1783334485176149815,1783334485176149815,,1783334485176136965,1783334485176136965,,0,1.000000000000,1.000000000000,1.000000000000,,0.579781482930,,1
85,272478,272478,272478,-13680,,1783334485175983094,1783334485176269252,1783334485176269252,,1783334485176255572,1783334485176255572,,2,1.000000000000,1.000000000000,1.000000000000,,0.579867296940,,1
86,274834,274834,274834,-13280,,1783334485176107874,1783334485176395988,1783334485176395988,,1783334485176382708,1783334485176382708,,2,1.000000000000,1.000000000000,1.000000000000,,0.577141389518,,1
87,272649,272649,272649,-12870,,1783334485176230816,1783334485176516335,1783334485176516335,,1783334485176503465,1783334485176503465,,1,1.000000000000,1.000000000000,1.000000000000,,0.579669016232,,1
88,279155,279155,279155,-11409,,1783334485176352837,1783334485176643401,1783334485176643401,,1783334485176631992,1783334485176631992,,3,1.000000000000,1.000000000000,1.000000000000,,0.572175223342,,1
89,277832,277832,277832,-10279,,1783334485176473317,1783334485176761428,1783334485176761428,,1783334485176751149,1783334485176751149,,0,1.000000000000,1.000000000000,1.000000000000,,0.573691203740,,1
90,270988,270988,270988,-14678,,1783334485176592328,1783334485176877994,1783334485176877994,,1783334485176863316,1783334485176863316,,0,1.000000000000,1.000000000000,1.000000000000,,0.581597878771,,1
91,273534,273534,273534,-13228,,1783334485176709909,1783334485176996671,1783334485176996671,,1783334485176983443,1783334485176983443,,1,1.000000000000,1.000000000000,1.000000000000,,0.578643909560,,1
92,270890,270890,270890,-14958,,1783334485176828839,1783334485177114687,1783334485177114687,,1783334485177099729,1783334485177099729,,3,1.000000000000,1.000000000000,1.000000000000,,0.581711883127,,1
93,271946,271946,271946,-13738,,1783334485176949140,1783334485177234824,1783334485177234824,,1783334485177221086,1783334485177221086,,1,1.000000000000,1.000000000000,1.000000000000,,0.580484604093,,1
94,277471,277471,277471,-9018,,1783334485177077181,1783334485177363670,1783334485177363670,,1783334485177354652,1783334485177354652,,0,1.000000000000,1.000000000000,1.000000000000,,0.574105558353,,1
95,274097,274097,274097,-14768,,1783334485177194872,1783334485177483737,1783334485177483737,,1783334485177468969,1783334485177468969,,2,1.000000000000,1.000000000000,1.000000000000,,0.577992723205,,1
96,286533,286533,286533,-7867,,1783334485177312483,1783334485177606883,1783334485177606883,,1783334485177599016,1783334485177599016,,3,1.000000000000,1.000000000000,1.000000000000,,0.563794193060,,1
97,271799,271799,271799,-13297,,1783334485177430134,1783334485177715230,1783334485177715230,,1783334485177701933,1783334485177701933,,0,1.000000000000,1.000000000000,1.000000000000,,0.580655291656,,1
98,274055,274055,274055,-10829,,1783334485177547704,1783334485177832588,1783334485177832588,,1783334485177821759,1783334485177821759,,3,1.000000000000,1.000000000000,1.000000000000,,0.578041276633,,1
99,273841,273841,273841,-12228,,1783334485177665415,1783334485177951484,1783334485177951484,,1783334485177939256,1783334485177939256,,0,1.000000000000,1.000000000000,1.000000000000,,0.578288731251,,1
100,274077,274077,274077,-12838,,1783334485177788216,1783334485178075131,1783334485178075131,,1783334485178062293,1783334485178062293,,1,1.000000000000,1.000000000000,1.000000000000,,0.578015843376,,1
101,273934,273934,273934,-12237,,1783334485177909056,1783334485178195227,1783334485178195227,,1783334485178182990,1783334485178182990,,1,1.000000000000,1.000000000000,1.000000000000,,0.578181179549,,1
102,273198,273198,273198,-13178,,1783334485178027908,1783334485178314284,1783334485178314284,,1783334485178301106,1783334485178301106,,0,1.000000000000,1.000000000000,1.000000000000,,0.579032888950,,1
103,273094,273094,273094,-13627,,1783334485178152949,1783334485178439670,1783334485178439670,,1783334485178426043,1783334485178426043,,3,1.000000000000,1.000000000000,1.000000000000,,0.579153340317,,1
104,279510,279510,279510,-7958,,1783334485178272099,1783334485178559567,1783334485178559567,,1783334485178551609,1783334485178551609,,2,1.000000000000,1.000000000000,1.000000000000,,0.571769123116,,1
105,275806,275806,275806,-11498,,1783334485178390050,1783334485178677354,1783334485178677354,,1783334485178665856,1783334485178665856,,0,1.000000000000,1.000000000000,1.000000000000,,0.576020516498,,1
106,271412,271412,271412,-14317,,1783334485178507541,1783334485178793270,1783334485178793270,,1783334485178778953,1783334485178778953,,2,1.000000000000,1.000000000000,1.000000000000,,0.581104892825,,1
107,273999,273999,273999,-12377,,1783334485178625281,1783334485178911657,1783334485178911657,,1783334485178899280,1783334485178899280,,0,1.000000000000,1.000000000000,1.000000000000,,0.578106020881,,1
108,274814,274814,274814,-11787,,1783334485178745822,1783334485179032423,1783334485179032423,,1783334485179020636,1783334485179020636,,1,1.000000000000,1.000000000000,1.000000000000,,0.577164475635,,1
109,270450,270450,270450,-15737,,1783334485178866083,1783334485179152270,1783334485179152270,,1783334485179136533,1783334485179136533,,3,1.000000000000,1.000000000000,1.000000000000,,0.582224014889,,1
110,279605,279605,279605,-13727,,1783334485178991224,1783334485179284556,1783334485179284556,,1783334485179270829,1783334485179270829,,2,1.000000000000,1.000000000000,1.000000000000,,0.571660497302,,1
111,276451,276451,276451,-14857,,1783334485179104945,1783334485179396253,1783334485179396253,,1783334485179381396,1783334485179381396,,2,1.000000000000,1.000000000000,1.000000000000,,0.575277929104,,1
112,271028,271028,271028,-15387,,1783334485179223995,1783334485179510410,1783334485179510410,,1783334485179495023,1783334485179495023,,2,1.000000000000,1.000000000000,1.000000000000,,0.581551352801,,1
113,275575,275575,275575,-13735,,1783334485179343296,1783334485179632606,1783334485179632606,,1783334485179618871,1783334485179618871,,1,1.000000000000,1.000000000000,1.000000000000,,0.576286699460,,1
114,273011,273011,273011,-14865,,1783334485179462197,1783334485179750073,1783334485179750073,,1783334485179735208,1783334485179735208,,1,1.000000000000,1.000000000000,1.000000000000,,0.579249487752,,1
115,272597,272597,272597,-14165,,1783334485179580057,1783334485179866819,1783334485179866819,,1783334485179852654,1783334485179852654,,0,1.000000000000,1.000000000000,1.000000000000,,0.579729304945,,1
116,273773,273773,273773,-13465,,1783334485179699148,1783334485179986386,1783334485179986386,,1783334485179972921,1783334485179972921,,0,1.000000000000,1.000000000000,1.000000000000,,0.578367383866,,1
117,273278,273278,273278,-13724,,1783334485179819760,1783334485180106762,1783334485180106762,,1783334485180093038,1783334485180093038,,0,1.000000000000,1.000000000000,1.000000000000,,0.578940251099,,1
118,275184,275184,275184,-11915,,1783334485179940360,1783334485180227459,1783334485180227459,,1783334485180215544,1783334485180215544,,2,1.000000000000,1.000000000000,1.000000000000,,0.576737531912,,1
119,271560,271560,271560,-14455,,1783334485180058321,1783334485180344336,1783334485180344336,,1783334485180329881,1783334485180329881,,0,1.000000000000,1.000000000000,1.000000000000,,0.580932911231,,1
120,273586,273586,273586,-14134,,1783334485180182832,1783334485180470552,1783334485180470552,,1783334485180456418,1783334485180456418,,2,1.000000000000,1.000000000000,1.000000000000,,0.578583733723,,1
121,283402,283402,283402,-10334,,1783334485180302462,1783334485180596198,1783334485180596198,,1783334485180585864,1783334485180585864,,3,1.000000000000,1.000000000000,1.000000000000,,0.567335749337,,1
122,273728,273728,273728,-12964,,1783334485180422083,1783334485180708775,1783334485180708775,,1783334485180695811,1783334485180695811,,0,1.000000000000,1.000000000000,1.000000000000,,0.578419439273,,1
123,274454,274454,274454,-13815,,1783334485180540404,1783334485180828673,1783334485180828673,,1783334485180814858,1783334485180814858,,0,1.000000000000,1.000000000000,1.000000000000,,0.577580183695,,1
124,277850,277850,277850,-10185,,1783334485180661644,1783334485180949679,1783334485180949679,,1783334485180939494,1783334485180939494,,0,1.000000000000,1.000000000000,1.000000000000,,0.573670551228,,1
125,272935,272935,272935,-13825,,1783334485180782756,1783334485181069516,1783334485181069516,,1783334485181055691,1783334485181055691,,1,1.000000000000,1.000000000000,1.000000000000,,0.579337540366,,1
126,271661,271661,271661,-13815,,1783334485180901767,1783334485181187243,1783334485181187243,,1783334485181173428,1783334485181173428,,1,1.000000000000,1.000000000000,1.000000000000,,0.580815574635,,1
127,276677,276677,276677,-9405,,1783334485181023677,1783334485181309759,1783334485181309759,,1783334485181300354,1783334485181300354,,0,1.000000000000,1.000000000000,1.000000000000,,0.575017962237,,1
128,272273,272273,272273,-14345,,1783334485181140748,1783334485181427366,1783334485181427366,,1783334485181413021,1783334485181413021,,2,1.000000000000,1.000000000000,1.000000000000,,0.580105091276,,1
129,272119,272119,272119,-15054,,1783334485181266759,1783334485181553932,1783334485181553932,,1783334485181538878,1783334485181538878,,3,1.000000000000,1.000000000000,1.000000000000,,0.580283791162,,1
130,275865,275865,275865,-12355,,1783334485181388379,1783334485181676599,1783334485181676599,,1783334485181664244,1783334485181664244,,3,1.000000000000,1.000000000000,1.000000000000,,0.575952550087,,1
131,275381,275381,275381,-13414,,1783334485181510660,1783334485181799455,1783334485181799455,,1783334485181786041,1783334485181786041,,2,1.000000000000,1.000000000000,1.000000000000,,0.576510342084,,1
132,273376,273376,273376,-13634,,1783334485181634052,1783334485181921062,1783334485181921062,,1783334485181907428,1783334485181907428,,0,1.000000000000,1.000000000000,1.000000000000,,0.578826789929,,1
133,272012,272012,272012,-14294,,1783334485181757502,1783334485182043808,1783334485182043808,,1783334485182029514,1783334485182029514,,3,1.000000000000,1.000000000000,1.000000000000,,0.580407985182,,1
134,272148,272148,272148,-13754,,1783334485181878863,1783334485182164765,1783334485182164765,,1783334485182151011,1783334485182151011,,1,1.000000000000,1.000000000000,1.000000000000,,0.580250135678,,1
135,279873,279873,279873,-12924,,1783334485182001584,1783334485182294381,1783334485182294381,,1783334485182281457,1783334485182281457,,0,1.000000000000,1.000000000000,1.000000000000,,0.571354169379,,1
136,271860,271860,271860,-14353,,1783334485182126074,1783334485182412287,1783334485182412287,,1783334485182397934,1783334485182397934,,0,1.000000000000,1.000000000000,1.000000000000,,0.580584456032,,1
137,276446,276446,276446,-11343,,1783334485182244655,1783334485182532444,1783334485182532444,,1783334485182521101,1783334485182521101,,1,1.000000000000,1.000000000000,1.000000000000,,0.575283681912,,1
138,285882,285882,285882,-10922,,1783334485182371686,1783334485182668490,1783334485182668490,,1783334485182657568,1783334485182657568,,1,1.000000000000,1.000000000000,1.000000000000,,0.564528731180,,1
139,272029,272029,272029,-13792,,1783334485182486676,1783334485182772497,1783334485182772497,,1783334485182758705,1783334485182758705,,3,1.000000000000,1.000000000000,1.000000000000,,0.580388251646,,1
140,272644,272644,272644,-14282,,1783334485182604768,1783334485182891694,1783334485182891694,,1783334485182877412,1783334485182877412,,0,1.000000000000,1.000000000000,1.000000000000,,0.579674812951,,1
141,272729,272729,272729,-13192,,1783334485182727369,1783334485183013290,1783334485183013290,,1783334485183000098,1783334485183000098,,1,1.000000000000,1.000000000000,1.000000000000,,0.579576276609,,1
142,270886,270886,270886,-15522,,1783334485182847769,1783334485183134177,1783334485183134177,,1783334485183118655,1783334485183118655,,2,1.000000000000,1.000000000000,1.000000000000,,0.581716536841,,1
143,274842,274842,274842,-14071,,1783334485182967290,1783334485183256203,1783334485183256203,,1783334485183242132,1783334485183242132,,3,1.000000000000,1.000000000000,1.000000000000,,0.577132155330,,1
144,270178,270178,270178,-14711,,1783334485183084921,1783334485183369810,1783334485183369810,,1783334485183355099,1783334485183355099,,0,1.000000000000,1.000000000000,1.000000000000,,0.582540830919,,1
145,269814,269814,269814,-15082,,1783334485183207181,1783334485183492077,1783334485183492077,,1783334485183476995,1783334485183476995,,3,1.000000000000,1.000000000000,1.000000000000,,0.582965075050,,1
146,275890,275890,275890,-13091,,1783334485183325362,1783334485183614343,1783334485183614343,,1783334485183601252,1783334485183601252,,0,1.000000000000,1.000000000000,1.000000000000,,0.575923753180,,1
147,272024,272024,272024,-13832,,1783334485183446024,1783334485183731880,1783334485183731880,,1783334485183718048,1783334485183718048,,3,1.000000000000,1.000000000000,1.000000000000,,0.580394055557,,1
148,274911,274911,274911,-12692,,1783334485183569344,1783334485183856947,1783334485183856947,,1783334485183844255,1783334485183844255,,1,1.000000000000,1.000000000000,1.000000000000,,0.577052516587,,1
149,273297,273297,273297,-13142,,1783334485183689795,1783334485183976234,1783334485183976234,,1783334485183963092,1783334485183963092,,2,1.000000000000,1.000000000000,1.000000000000,,0.578918251787,,1
150,273022,273022,273022,-14062,,1783334485183811276,1783334485184098360,1783334485184098360,,1783334485184084298,1783334485184084298,,0,1.000000000000,1.000000000000,1.000000000000,,0.579236744403,,1
151,271649,271649,271649,-14752,,1783334485183933736,1783334485184220137,1783334485184220137,,1783334485184205385,1783334485184205385,,3,1.000000000000,1.000000000000,1.000000000000,,0.580829514376,,1
152,277675,277675,277675,-10471,,1783334485184051507,1783334485184339653,1783334485184339653,,1783334485184329182,1783334485184329182,,2,1.000000000000,1.000000000000,1.000000000000,,0.573871371063,,1
153,275010,275010,275010,-11762,,1783334485184174598,1783334485184461370,1783334485184461370,,1783334485184449608,1783334485184449608,,3,1.000000000000,1.000000000000,1.000000000000,,0.576938271500,,1
154,278757,278757,278757,-12231,,1783334485184295098,1783334485184586086,1783334485184586086,,1783334485184573855,1783334485184573855,,1,1.000000000000,1.000000000000,1.000000000000,,0.572630856137,,1
155,273112,273112,273112,-13881,,1783334485184417730,1783334485184704723,1783334485184704723,,1783334485184690842,1783334485184690842,,3,1.000000000000,1.000000000000,1.000000000000,,0.579132491172,,1
156,272337,272337,272337,-14401,,1783334485184536131,1783334485184822869,1783334485184822869,,1783334485184808468,1783334485184808468,,2,1.000000000000,1.000000000000,1.000000000000,,0.580030842576,,1
157,272934,272934,272934,-14401,,1783334485184662431,1783334485184949766,1783334485184949766,,1783334485184935365,1783334485184935365,,3,1.000000000000,1.000000000000,1.000000000000,,0.579338699042,,1
158,274209,274209,274209,-11471,,1783334485184783122,1783334485185068802,1783334485185068802,,1783334485185057331,1783334485185057331,,1,1.000000000000,1.000000000000,1.000000000000,,0.577863267334,,1
159,273125,273125,273125,-14501,,1783334485184901913,1783334485185189539,1783334485185189539,,1783334485185175038,1783334485185175038,,2,1.000000000000,1.000000000000,1.000000000000,,0.579117433923,,1
160,273122,273122,273122,-11041,,1783334485185023783,1783334485185307946,1783334485185307946,,1783334485185296905,1783334485185296905,,1,1.000000000000,1.000000000000,1.000000000000,,0.579120908638,,1
161,272248,272248,272248,-14520,,1783334485185141124,1783334485185427892,1783334485185427892,,1783334485185413372,1783334485185413372,,1,1.000000000000,1.000000000000,1.000000000000,,0.580134097256,,1
162,273752,273752,273752,-14631,,1783334485185261926,1783334485185550309,1783334485185550309,,1783334485185535678,1783334485185535678,,3,1.000000000000,1.000000000000,1.000000000000,,0.578391675807,,1
163,274390,274390,274390,-13299,,1783334485185382426,1783334485185670115,1783334485185670115,,1783334485185656816,1783334485185656816,,1,1.000000000000,1.000000000000,1.000000000000,,0.577654118690,,1
164,279315,279315,279315,-7800,,1783334485185500297,1783334485185787412,1783334485185787412,,1783334485185779612,1783334485185779612,,2,1.000000000000,1.000000000000,1.000000000000,,0.571992156562,,1
165,275751,275751,275751,-9989,,1783334485185620438,1783334485185906178,1783334485185906178,,1783334485185896189,1783334485185896189,,1,1.000000000000,1.000000000000,1.000000000000,,0.576083882240,,1
166,281218,281218,281218,-13429,,1783334485185748668,1783334485186043315,1783334485186043315,,1783334485186029886,1783334485186029886,,2,1.000000000000,1.000000000000,1.000000000000,,0.569819291999,,1
167,271894,271894,271894,-15189,,1783334485185862689,1783334485186149772,1783334485186149772,,1783334485186134583,1783334485186134583,,0,1.000000000000,1.000000000000,1.000000000000,,0.580544977631,,1
168,270179,270179,270179,-14229,,1783334485185981920,1783334485186266328,1783334485186266328,,1783334485186252099,1783334485186252099,,1,1.000000000000,1.000000000000,1.000000000000,,0.582539665839,,1
169,274886,274886,274886,-11479,,1783334485186099640,1783334485186386005,1783334485186386005,,1783334485186374526,1783334485186374526,,2,1.000000000000,1.000000000000,1.000000000000,,0.577081369934,,1
170,271351,271351,271351,-15228,,1783334485186220722,1783334485186507301,1783334485186507301,,1783334485186492073,1783334485186492073,,0,1.000000000000,1.000000000000,1.000000000000,,0.581175791947,,1
171,275036,275036,275036,-13579,,1783334485186341473,1783334485186630088,1783334485186630088,,1783334485186616509,1783334485186616509,,1,1.000000000000,1.000000000000,1.000000000000,,0.576908271490,,1
172,275073,275073,275073,-13378,,1783334485186460813,1783334485186749264,1783334485186749264,,1783334485186735886,1783334485186735886,,3,1.000000000000,1.000000000000,1.000000000000,,0.576865581857,,1
173,273439,273439,273439,-13849,,1783334485186581594,1783334485186868882,1783334485186868882,,1783334485186855033,1783334485186855033,,2,1.000000000000,1.000000000000,1.000000000000,,0.578753862348,,1
174,273584,273584,273584,-13599,,1783334485186710405,1783334485186997588,1783334485186997588,,1783334485186983989,1783334485186983989,,2,1.000000000000,1.000000000000,1.000000000000,,0.578586048062,,1
175,276061,276061,276061,-14249,,1783334485186829575,1783334485187119885,1783334485187119885,,1783334485187105636,1783334485187105636,,0,1.000000000000,1.000000000000,1.000000000000,,0.575726820934,,1
176,272417,272417,272417,-14128,,1783334485186950166,1783334485187236711,1783334485187236711,,1783334485187222583,1783334485187222583,,0,1.000000000000,1.000000000000,1.000000000000,,0.579938045065,,1
177,272152,272152,272152,-13849,,1783334485187067777,1783334485187353778,1783334485187353778,,1783334485187339929,1783334485187339929,,0,1.000000000000,1.000000000000,1.000000000000,,0.580245493696,,1
178,272048,272048,272048,-14349,,1783334485187185668,1783334485187472065,1783334485187472065,,1783334485187457716,1783334485187457716,,2,1.000000000000,1.000000000000,1.000000000000,,0.580366197311,,1
179,298263,298263,298263,-11879,,1783334485187303509,1783334485187613651,1783334485187613651,,1783334485187601772,1783334485187601772,,2,1.000000000000,1.000000000000,1.000000000000,,0.550721523271,,1
180,277660,277660,277660,-5829,,1783334485187421349,1783334485187704838,1783334485187704838,,1783334485187699009,1783334485187699009,,1,1.000000000000,1.000000000000,1.000000000000,,0.573888587462,,1
181,274216,274216,274216,-13878,,1783334485187541870,1783334485187829964,1783334485187829964,,1783334485187816086,1783334485187816086,,3,1.000000000000,1.000000000000,1.000000000000,,0.577855177305,,1
182,273252,273252,273252,-14898,,1783334485187663551,1783334485187951701,1783334485187951701,,1783334485187936803,1783334485187936803,,0,1.000000000000,1.000000000000,1.000000000000,,0.578970356775,,1
183,281748,281748,281748,-8438,,1783334485187783181,1783334485188073367,1783334485188073367,,1783334485188064929,1783334485188064929,,1,1.000000000000,1.000000000000,1.000000000000,,0.569215603561,,1
184,271204,271204,271204,-14368,,1783334485187904032,1783334485188189604,1783334485188189604,,1783334485188175236,1783334485188175236,,3,1.000000000000,1.000000000000,1.000000000000,,0.581346682749,,1
185,283968,283968,283968,-11218,,1783334485188026934,1783334485188322120,1783334485188322120,,1783334485188310902,1783334485188310902,,3,1.000000000000,1.000000000000,1.000000000000,,0.566693888631,,1
186,272485,272485,272485,-14618,,1783334485188146834,1783334485188433937,1783334485188433937,,1783334485188419319,1783334485188419319,,2,1.000000000000,1.000000000000,1.000000000000,,0.579859178854,,1
187,277911,277911,277911,-11228,,1783334485188267325,1783334485188556464,1783334485188556464,,1783334485188545236,1783334485188545236,,3,1.000000000000,1.000000000000,1.000000000000,,0.573600567690,,1
188,275168,275168,275168,-12196,,1783334485188385006,1783334485188672370,1783334485188672370,,1783334485188660174,1783334485188660174,,2,1.000000000000,1.000000000000,1.000000000000,,0.576755987808,,1
189,272675,272675,272675,-14216,,1783334485188502606,1783334485188789497,1783334485188789497,,1783334485188775281,1783334485188775281,,0,1.000000000000,1.000000000000,1.000000000000,,0.579638874227,,1
190,273750,273750,273750,-12467,,1783334485188623157,1783334485188909374,1783334485188909374,,1783334485188896907,1783334485188896907,,0,1.000000000000,1.000000000000,1.000000000000,,0.578393989378,,1
191,276916,276916,276916,-14406,,1783334485188743778,1783334485189035100,1783334485189035100,,1783334485189020694,1783334485189020694,,1,1.000000000000,1.000000000000,1.000000000000,,0.574743169332,,1
192,272712,272712,272712,-13946,,1783334485188866509,1783334485189153167,1783334485189153167,,1783334485189139221,1783334485189139221,,3,1.000000000000,1.000000000000,1.000000000000,,0.579595982537,,1
193,277077,277077,277077,-9386,,1783334485188985220,1783334485189271683,1783334485189271683,,1783334485189262297,1783334485189262297,,0,1.000000000000,1.000000000000,1.000000000000,,0.574558131824,,1
194,279763,279763,279763,-14235,,1783334485189108741,1783334485189402739,1783334485189402739,,1783334485189388504,1783334485189388504,,1,1.000000000000,1.000000000000,1.000000000000,,0.571479881124,,1
195,274900,274900,274900,-13665,,1783334485189222001,1783334485189510566,1783334485189510566,,1783334485189496901,1783334485189496901,,2,1.000000000000,1.000000000000,1.000000000000,,0.577065211882,,1
196,303025,303025,303025,13784,,1783334485189339702,1783334485189628943,1783334485189628943,,1783334485189642727,1783334485189642727,,2,1.000000000000,1.000000000000,1.000000000000,,0.545501349410,,1
197,291771,291771,291771,6354,,1783334485189457363,1783334485189742780,1783334485189742780,,1783334485189749134,1783334485189749134,,1,1.000000000000,1.000000000000,1.000000000000,,0.557918714584,,1
198,292017,292017,292017,5983,,1783334485189574933,1783334485189860967,1783334485189860967,,1783334485189866950,1783334485189866950,,2,1.000000000000,1.000000000000,1.000000000000,,0.557644286092,,1
199,295263,295263,295263,7463,,1783334485189701234,1783334485189989034,1783334485189989034,,1783334485189996497,1783334485189996497,,3,1.000000000000,1.000000000000,1.000000000000,,0.554035785254,,1
200,292888,292888,292888,5614,,1783334485189819056,1783334485190106330,1783334485190106330,,1783334485190111944,1783334485190111944,,3,1.000000000000,1.000000000000,1.000000000000,,0.556673715358,,1
201,297454,297454,297454,8983,,1783334485189939636,1783334485190228107,1783334485190228107,,1783334485190237090,1783334485190237090,,1,1.000000000000,1.000000000000,1.000000000000,,0.551613311958,,1
202,291780,291780,291780,4594,,1783334485190062937,1783334485190350123,1783334485190350123,,1783334485190354717,1783334485190354717,,3,1.000000000000,1.000000000000,1.000000000000,,0.557908672138,,1
203,293906,293906,293906,7154,,1783334485190183448,1783334485190470200,1783334485190470200,,1783334485190477354,1783334485190477354,,0,1.000000000000,1.000000000000,1.000000000000,,0.555541480679,,1
204,295852,295852,295852,2084,,1783334485190303678,1783334485190597446,1783334485190597446,,1783334485190599530,1783334485190599530,,3,1.000000000000,1.000000000000,1.000000000000,,0.553383515361,,1
205,276538,276538,276538,-11476,,1783334485190423089,1783334485190711103,1783334485190711103,,1783334485190699627,1783334485190699627,,0,1.000000000000,1.000000000000,1.000000000000,,0.575177839452,,1
206,278304,278304,278304,-13015,,1783334485190543500,1783334485190834819,1783334485190834819,,1783334485190821804,1783334485190821804,,3,1.000000000000,1.000000000000,1.000000000000,,0.573149894782,,1
207,282290,282290,282290,-13385,,1783334485190663731,1783334485190959406,1783334485190959406,,1783334485190946021,1783334485190946021,,1,1.000000000000,1.000000000000,1.000000000000,,0.568598908156,,1
208,280865,280865,280865,-8476,,1783334485190783822,1783334485191073163,1783334485191073163,,1783334485191064687,1783334485191064687,,2,1.000000000000,1.000000000000,1.000000000000,,0.570221726461,,1
209,275781,275781,275781,-11255,,1783334485190904973,1783334485191192009,1783334485191192009,,1783334485191180754,1783334485191180754,,3,1.000000000000,1.000000000000,1.000000000000,,0.576049318244,,1
210,273328,273328,273328,-12585,,1783334485191025373,1783334485191311286,1783334485191311286,,1783334485191298701,1783334485191298701,,2,1.000000000000,1.000000000000,1.000000000000,,0.578882359968,,1
211,278774,278774,278774,-10444,,1783334485191142704,1783334485191431922,1783334485191431922,,1783334485191421478,1783334485191421478,,0,1.000000000000,1.000000000000,1.000000000000,,0.572611387019,,1
212,275269,275269,275269,-11165,,1783334485191263575,1783334485191550009,1783334485191550009,,1783334485191538844,1783334485191538844,,1,1.000000000000,1.000000000000,1.000000000000,,0.576639494865,,1
213,277287,277287,277287,-12493,,1783334485191384015,1783334485191673795,1783334485191673795,,1783334485191661302,1783334485191661302,,3,1.000000000000,1.000000000000,1.000000000000,,0.574316868077,,1
214,275223,275223,275223,-10723,,1783334485191507226,1783334485191793172,1783334485191793172,,1783334485191782449,1783334485191782449,,1,1.000000000000,1.000000000000,1.000000000000,,0.576692548139,,1
215,276188,276188,276188,-10234,,1783334485191624877,1783334485191911299,1783334485191911299,,1783334485191901065,1783334485191901065,,3,1.000000000000,1.000000000000,1.000000000000,,0.575580604891,,1
216,278564,278564,278564,-9263,,1783334485191742848,1783334485192030675,1783334485192030675,,1783334485192021412,1783334485192021412,,3,1.000000000000,1.000000000000,1.000000000000,,0.572851934313,,1
217,276010,276010,276010,-11053,,1783334485191862519,1783334485192149582,1783334485192149582,,1783334485192138529,1783334485192138529,,1,1.000000000000,1.000000000000,1.000000000000,,0.575785548064,,1
218,274907,274907,274907,-13032,,1783334485191981989,1783334485192269928,1783334485192269928,,1783334485192256896,1783334485192256896,,1,1.000000000000,1.000000000000,1.000000000000,,0.577057133026,,1
219,274902,274902,274902,-13693,,1783334485192100050,1783334485192388645,1783334485192388645,,1783334485192374952,1783334485192374952,,2,1.000000000000,1.000000000000,1.000000000000,,0.577062903626,,1
220,274108,274108,274108,-12763,,1783334485192220381,1783334485192507252,1783334485192507252,,1783334485192494489,1783334485192494489,,0,1.000000000000,1.000000000000,1.000000000000,,0.577980007505,,1
221,275765,275765,275765,-12622,,1783334485192341941,1783334485192630328,1783334485192630328,,1783334485192617706,1783334485192617706,,2,1.000000000000,1.000000000000,1.000000000000,,0.576067752117,,1
222,285719,285719,285719,-11582,,1783334485192464803,1783334485192762104,1783334485192762104,,1783334485192750522,1783334485192750522,,1,1.000000000000,1.000000000000,1.000000000000,,0.564712797548,,1
223,279745,279745,279745,-9343,,1783334485192578714,1783334485192867802,1783334485192867802,,1783334485192858459,1783334485192858459,,3,1.000000000000,1.000000000000,1.000000000000,,0.571500454770,,1
224,278002,278002,278002,-11603,,1783334485192696264,1783334485192985869,1783334485192985869,,1783334485192974266,1783334485192974266,,2,1.000000000000,1.000000000000,1.000000000000,,0.573496181886,,1
225,277048,277048,277048,-12252,,1783334485192816865,1783334485193106165,1783334485193106165,,1783334485193093913,1783334485193093913,,3,1.000000000000,1.000000000000,1.000000000000,,0.574591457162,,1
226,283303,283303,283303,-7603,,1783334485192937316,1783334485193228222,1783334485193228222,,1783334485193220619,1783334485193220619,,2,1.000000000000,1.000000000000,1.000000000000,,0.567448092937,,1
227,272770,272770,272770,-13413,,1783334485193057356,1783334485193343539,1783334485193343539,,1783334485193330126,1783334485193330126,,3,1.000000000000,1.000000000000,1.000000000000,,0.579528753303,,1
228,273966,273966,273966,-12552,,1783334485193177417,1783334485193463935,1783334485193463935,,1783334485193451383,1783334485193451383,,1,1.000000000000,1.000000000000,1.000000000000,,0.578144177138,,1
229,279561,279561,279561,-12353,,1783334485193296188,1783334485193588102,1783334485193588102,,1783334485193575749,1783334485193575749,,1,1.000000000000,1.000000000000,1.000000000000,,0.571710805639,,1
230,278657,278657,278657,-12322,,1783334485193419189,1783334485193710168,1783334485193710168,,1783334485193697846,1783334485193697846,,1,1.000000000000,1.000000000000,1.000000000000,,0.572745393762,,1
231,275272,275272,275272,-12043,,1783334485193545720,1783334485193833035,1783334485193833035,,1783334485193820992,1783334485193820992,,0,1.000000000000,1.000000000000,1.000000000000,,0.576636035038,,1
232,274958,274958,274958,-12082,,1783334485193664941,1783334485193951981,1783334485193951981,,1783334485193939899,1783334485193939899,,3,1.000000000000,1.000000000000,1.000000000000,,0.576998276200,,1
233,278675,278675,278675,-10082,,1783334485193782661,1783334485194071418,1783334485194071418,,1783334485194061336,1783334485194061336,,2,1.000000000000,1.000000000000,1.000000000000,,0.572724775299,,1
234,277061,277061,277061,-10021,,1783334485193902642,1783334485194189724,1783334485194189724,,1783334485194179703,1783334485194179703,,3,1.000000000000,1.000000000000,1.000000000000,,0.574576517978,,1
235,275076,275076,275076,-12492,,1783334485194024883,1783334485194312451,1783334485194312451,,1783334485194299959,1783334485194299959,,3,1.000000000000,1.000000000000,1.000000000000,,0.576862120674,,1
236,278943,278943,278943,-7712,,1783334485194144883,1783334485194431538,1783334485194431538,,1783334485194423826,1783334485194423826,,0,1.000000000000,1.000000000000,1.000000000000,,0.572417877075,,1
237,289487,289487,289487,-7952,,1783334485194262735,1783334485194560174,1783334485194560174,,1783334485194552222,1783334485194552222,,1,1.000000000000,1.000000000000,1.000000000000,,0.560473117086,,1
238,277724,277724,277724,-10411,,1783334485194385246,1783334485194673381,1783334485194673381,,1783334485194662970,1783334485194662970,,0,1.000000000000,1.000000000000,1.000000000000,,0.573815134424,,1
239,278741,278741,278741,-12160,,1783334485194504116,1783334485194795017,1783334485194795017,,1783334485194782857,1783334485194782857,,0,1.000000000000,1.000000000000,1.000000000000,,0.572649180618,,1
240,275526,275526,275526,-12241,,1783334485194631287,1783334485194919054,1783334485194919054,,1783334485194906813,1783334485194906813,,2,1.000000000000,1.000000000000,1.000000000000,,0.576343178324,,1
241,274252,274252,274252,-13230,,1783334485194752918,1783334485195040400,1783334485195040400,,1783334485195027170,1783334485195027170,,1,1.000000000000,1.000000000000,1.000000000000,,0.577813573230,,1
242,271889,271889,271889,-14330,,1783334485194875168,1783334485195161387,1783334485195161387,,1783334485195147057,1783334485195147057,,1,1.000000000000,1.000000000000,1.000000000000,,0.580550783110,,1
243,273715,273715,273715,-11449,,1783334485194992819,1783334485195277983,1783334485195277983,,1783334485195266534,1783334485195266534,,0,1.000000000000,1.000000000000,1.000000000000,,0.578434478374,,1
244,274690,274690,274690,-11810,,1783334485195110510,1783334485195397010,1783334485195397010,,1783334485195385200,1783334485195385200,,1,1.000000000000,1.000000000000,1.000000000000,,0.577307630176,,1
245,277416,277416,277416,-12859,,1783334485195231181,1783334485195521456,1783334485195521456,,1783334485195508597,1783334485195508597,,3,1.000000000000,1.000000000000,1.000000000000,,0.574168713438,,1
246,276232,276232,276232,-12179,,1783334485195352122,1783334485195640533,1783334485195640533,,1783334485195628354,1783334485195628354,,2,1.000000000000,1.000000000000,1.000000000000,,0.575529956027,,1
247,272087,272087,272087,-14210,,1783334485195472673,1783334485195758970,1783334485195758970,,1783334485195744760,1783334485195744760,,1,1.000000000000,1.000000000000,1.000000000000,,0.580320930513,,1
248,280304,280304,280304,-6630,,1783334485195591543,1783334485195878477,1783334485195878477,,1783334485195871847,1783334485195871847,,0,1.000000000000,1.000000000000,1.000000000000,,0.570861874294,,1
249,279409,279409,279409,-9641,,1783334485195712154,1783334485196001204,1783334485196001204,,1783334485195991563,1783334485195991563,,1,1.000000000000,1.000000000000,1.000000000000,,0.571884632144,,1
250,279765,279765,279765,-13040,,1783334485195836265,1783334485196129070,1783334485196129070,,1783334485196116030,1783334485196116030,,3,1.000000000000,1.000000000000,1.000000000000,,0.571477595209,,1
251,273842,273842,273842,-12820,,1783334485195949855,1783334485196236517,1783334485196236517,,1783334485196223697,1783334485196223697,,3,1.000000000000,1.000000000000,1.000000000000,,0.578287574674,,1
252,274797,274797,274797,-12469,,1783334485196070597,1783334485196357863,1783334485196357863,,1783334485196345394,1783334485196345394,,1,1.000000000000,1.000000000000,1.000000000000,,0.577184099561,,1
253,275372,275372,275372,-13310,,1783334485196189918,1783334485196478600,1783334485196478600,,1783334485196465290,1783334485196465290,,1,1.000000000000,1.000000000000,1.000000000000,,0.576520719363,,1
254,277739,277739,277739,-12599,,1783334485196310738,1783334485196601076,1783334485196601076,,1783334485196588477,1783334485196588477,,1,1.000000000000,1.000000000000,1.000000000000,,0.573797920228,,1
255,276135,276135,276135,-13219,,1783334485196431409,1783334485196720763,1783334485196720763,,1783334485196707544,1783334485196707544,,1,1.000000000000,1.000000000000,1.000000000000,,0.575641619669,,1
256,275360,275360,275360,-13310,,1783334485196552410,1783334485196841080,1783334485196841080,,1783334485196827770,1783334485196827770,,2,1.000000000000,1.000000000000,1.000000000000,,0.576534556027,,1
257,275547,275547,275547,-12109,,1783334485196673180,1783334485196960836,1783334485196960836,,1783334485196948727,1783334485196948727,,3,1.000000000000,1.000000000000,1.000000000000,,0.576318972419,,1
258,274603,274603,274603,-12329,,1783334485196791241,1783334485197078173,1783334485197078173,,1783334485197065844,1783334485197065844,,0,1.000000000000,1.000000000000,1.000000000000,,0.577408090443,,1
259,278349,278349,278349,-7679,,1783334485196914861,1783334485197200889,1783334485197200889,,1783334485197193210,1783334485197193210,,2,1.000000000000,1.000000000000,1.000000000000,,0.573098313612,,1
260,279804,279804,279804,-9969,,1783334485197037483,1783334485197327256,1783334485197327256,,1783334485197317287,1783334485197317287,,3,1.000000000000,1.000000000000,1.000000000000,,0.571433021695,,1
261,275010,275010,275010,-13508,,1783334485197155464,1783334485197443982,1783334485197443982,,1783334485197430474,1783334485197430474,,1,1.000000000000,1.000000000000,1.000000000000,,0.576938271500,,1
262,281787,281787,281787,-5428,,1783334485197275674,1783334485197562889,1783334485197562889,,1783334485197557461,1783334485197557461,,3,1.000000000000,1.000000000000,1.000000000000,,0.569171206475,,1
263,279643,279643,279643,-10747,,1783334485197396815,1783334485197687205,1783334485197687205,,1783334485197676458,1783334485197676458,,2,1.000000000000,1.000000000000,1.000000000000,,0.571617052755,,1
264,280088,280088,280088,-7118,,1783334485197519376,1783334485197806582,1783334485197806582,,1783334485197799464,1783334485197799464,,0,1.000000000000,1.000000000000,1.000000000000,,0.571108539900,,1
265,274515,274515,274515,-10697,,1783334485197638396,1783334485197923608,1783334485197923608,,1783334485197912911,1783334485197912911,,3,1.000000000000,1.000000000000,1.000000000000,,0.577509723210,,1
266,271271,271271,271271,-13647,,1783334485197756567,1783334485198041485,1783334485198041485,,1783334485198027838,1783334485198027838,,2,1.000000000000,1.000000000000,1.000000000000,,0.581268787513,,1
267,277896,277896,277896,-12267,,1783334485197874409,1783334485198164572,1783334485198164572,,1783334485198152305,1783334485198152305,,1,1.000000000000,1.000000000000,1.000000000000,,0.573617775965,,1
268,275412,275412,275412,-11047,,1783334485197997919,1783334485198284378,1783334485198284378,,1783334485198273331,1783334485198273331,,1,1.000000000000,1.000000000000,1.000000000000,,0.576474599550,,1
269,273928,273928,273928,-14647,,1783334485198115940,1783334485198404515,1783334485198404515,,1783334485198389868,1783334485198389868,,2,1.000000000000,1.000000000000,1.000000000000,,0.578188117765,,1
270,273714,273714,273714,-13676,,1783334485198239261,1783334485198526651,1783334485198526651,,1783334485198512975,1783334485198512975,,1,1.000000000000,1.000000000000,1.000000000000,,0.578435635244,,1
271,282920,282920,282920,-11567,,1783334485198358221,1783334485198652708,1783334485198652708,,1783334485198641141,1783334485198641141,,0,1.000000000000,1.000000000000,1.000000000000,,0.567882924696,,1
272,274156,274156,274156,-12926,,1783334485198477722,1783334485198764804,1783334485198764804,,1783334485198751878,1783334485198751878,,1,1.000000000000,1.000000000000,1.000000000000,,0.577924524087,,1
273,273442,273442,273442,-13397,,1783334485198600743,1783334485198887582,1783334485198887582,,1783334485198874185,1783334485198874185,,3,1.000000000000,1.000000000000,1.000000000000,,0.578750389836,,1
274,277448,277448,277448,-10857,,1783334485198720043,1783334485199008348,1783334485199008348,,1783334485198997491,1783334485198997491,,3,1.000000000000,1.000000000000,1.000000000000,,0.574131967816,,1
275,273913,273913,273913,-13447,,1783334485198843095,1783334485199130455,1783334485199130455,,1783334485199117008,1783334485199117008,,1,1.000000000000,1.000000000000,1.000000000000,,0.578205463669,,1
276,273649,273649,273649,-11366,,1783334485198963866,1783334485199248881,1783334485199248881,,1783334485199237515,1783334485199237515,,3,1.000000000000,1.000000000000,1.000000000000,,0.578510836765,,1
277,273605,273605,273605,-13427,,1783334485199081606,1783334485199368638,1783334485199368638,,1783334485199355211,1783334485199355211,,1,1.000000000000,1.000000000000,1.000000000000,,0.578561747959,,1
278,280141,280141,280141,-13456,,1783334485199199297,1783334485199492894,1783334485199492894,,1783334485199479438,1783334485199479438,,1,1.000000000000,1.000000000000,1.000000000000,,0.571048005603,,1
279,278287,278287,278287,-12816,,1783334485199313078,1783334485199604181,1783334485199604181,,1783334485199591365,1783334485199591365,,2,1.000000000000,1.000000000000,1.000000000000,,0.573169382209,,1
280,273584,273584,273584,-13566,,1783334485199433528,1783334485199720678,1783334485199720678,,1783334485199707112,1783334485199707112,,0,1.000000000000,1.000000000000,1.000000000000,,0.578586048062,,1
281,277699,277699,277699,-9256,,1783334485199552239,1783334485199839194,1783334485199839194,,1783334485199829938,1783334485199829938,,0,1.000000000000,1.000000000000,1.000000000000,,0.573843825898,,1
282,275954,275954,275954,-13196,,1783334485199673001,1783334485199962151,1783334485199962151,,1783334485199948955,1783334485199948955,,1,1.000000000000,1.000000000000,1.000000000000,,0.575850039657,,1
283,275351,275351,275351,-12686,,1783334485199790541,1783334485200078578,1783334485200078578,,1783334485200065892,1783334485200065892,,3,1.000000000000,1.000000000000,1.000000000000,,0.576544933742,,1
284,272876,272876,272876,-13306,,1783334485199914862,1783334485200201044,1783334485200201044,,1783334485200187738,1783334485200187738,,3,1.000000000000,1.000000000000,1.000000000000,,0.579405906229,,1
285,288432,288432,288432,-11655,,1783334485200037093,1783334485200337180,1783334485200337180,,1783334485200325525,1783334485200325525,,0,1.000000000000,1.000000000000,1.000000000000,,0.561656963882,,1
286,274429,274429,274429,-13465,,1783334485200157353,1783334485200445247,1783334485200445247,,1783334485200431782,1783334485200431782,,3,1.000000000000,1.000000000000,1.000000000000,,0.577609063426,,1
287,285405,285405,285405,-4915,,1783334485200277834,1783334485200568154,1783334485200568154,,1783334485200563239,1783334485200563239,,3,1.000000000000,1.000000000000,1.000000000000,,0.565067548565,,1
288,279401,279401,279401,-8474,,1783334485200397345,1783334485200685220,1783334485200685220,,1783334485200676746,1783334485200676746,,2,1.000000000000,1.000000000000,1.000000000000,,0.571893782372,,1
289,279218,279218,279218,-11614,,1783334485200518025,1783334485200808857,1783334485200808857,,1783334485200797243,1783334485200797243,,2,1.000000000000,1.000000000000,1.000000000000,,0.572103133805,,1
290,274182,274182,274182,-11954,,1783334485200637607,1783334485200923743,1783334485200923743,,1783334485200911789,1783334485200911789,,0,1.000000000000,1.000000000000,1.000000000000,,0.577894472793,,1
291,272628,272628,272628,-13464,,1783334485200760038,1783334485201046130,1783334485201046130,,1783334485201032666,1783334485201032666,,1,1.000000000000,1.000000000000,1.000000000000,,0.579693362842,,1
292,279924,279924,279924,-5244,,1783334485200882898,1783334485201168066,1783334485201168066,,1783334485201162822,1783334485201162822,,3,1.000000000000,1.000000000000,1.000000000000,,0.571295894225,,1
293,276230,276230,276230,-10984,,1783334485201000499,1783334485201287713,1783334485201287713,,1783334485201276729,1783334485201276729,,3,1.000000000000,1.000000000000,1.000000000000,,0.575532258151,,1
294,273606,273606,273606,-13254,,1783334485201118160,1783334485201405020,1783334485201405020,,1783334485201391766,1783334485201391766,,3,1.000000000000,1.000000000000,1.000000000000,,0.578560590836,,1
295,272733,272733,272733,-13713,,1783334485201235890,1783334485201522336,1783334485201522336,,1783334485201508623,1783334485201508623,,3,1.000000000000,1.000000000000,1.000000000000,,0.579571640017,,1
296,277748,277748,277748,-12004,,1783334485201355221,1783334485201644973,1783334485201644973,,1783334485201632969,1783334485201632969,,0,1.000000000000,1.000000000000,1.000000000000,,0.573787591959,,1
297,276233,276233,276233,-10913,,1783334485201476043,1783334485201763189,1783334485201763189,,1783334485201752276,1783334485201752276,,1,1.000000000000,1.000000000000,1.000000000000,,0.575528804968,,1
298,272920,272920,272920,-12854,,1783334485201596253,1783334485201882027,1783334485201882027,,1783334485201869173,1783334485201869173,,1,1.000000000000,1.000000000000,1.000000000000,,0.579354920753,,1
299,272566,272566,272566,-13114,,1783334485201715014,1783334485202000694,1783334485202000694,,1783334485201987580,1783334485201987580,,3,1.000000000000,1.000000000000,1.000000000000,,0.579765249276,,1
300,279192,279192,279192,-11114,,1783334485201832594,1783334485202122900,1783334485202122900,,1783334485202111786,1783334485202111786,,3,1.000000000000,1.000000000000,1.000000000000,,0.572132883942,,1
301,274568,274568,274568,-13354,,1783334485201955825,1783334485202243747,1783334485202243747,,1783334485202230393,1783334485202230393,,3,1.000000000000,1.000000000000,1.000000000000,,0.577448510424,,1
302,272664,272664,272664,-13403,,1783334485202073496,1783334485202359563,1783334485202359563,,1783334485202346160,1783334485202346160,,1,1.000000000000,1.000000000000,1.000000000000,,0.579651626422,,1
303,277200,277200,277200,-13444,,1783334485202192776,1783334485202483420,1783334485202483420,,1783334485202469976,1783334485202469976,,2,1.000000000000,1.000000000000,1.000000000000,,0.574416807907,,1
304,281896,281896,281896,-12153,,1783334485202311537,1783334485202605586,1783334485202605586,,1783334485202593433,1783334485202593433,,0,1.000000000000,1.000000000000,1.000000000000,,0.569047140676,,1
305,273881,273881,273881,-13633,,1783334485202431079,1783334485202718593,1783334485202718593,,1783334485202704960,1783334485202704960,,1,1.000000000000,1.000000000000,1.000000000000,,0.578242470003,,1
306,281667,281667,281667,-12693,,1783334485202549969,1783334485202844329,1783334485202844329,,1783334485202831636,1783334485202831636,,0,1.000000000000,1.000000000000,1.000000000000,,0.569307823958,,1
307,289623,289623,289623,-13333,,1783334485202663840,1783334485202966796,1783334485202966796,,1783334485202953463,1783334485202953463,,0,1.000000000000,1.000000000000,1.000000000000,,0.560320689129,,1
308,285919,285919,285919,-10363,,1783334485202782711,1783334485203078993,1783334485203078993,,1783334485203068630,1783334485203068630,,3,1.000000000000,1.000000000000,1.000000000000,,0.564486957600,,1
309,273176,273176,273176,-12812,,1783334485202907111,1783334485203193099,1783334485203193099,,1783334485203180287,1783334485203180287,,2,1.000000000000,1.000000000000,1.000000000000,,0.579058366958,,1
310,272432,272432,272432,-13192,,1783334485203025002,1783334485203310626,1783334485203310626,,1783334485203297434,1783334485203297434,,0,1.000000000000,1.000000000000,1.000000000000,,0.579920647185,,1
311,273697,273697,273697,-13293,,1783334485203141933,1783334485203428923,1783334485203428923,,1783334485203415630,1783334485203415630,,1,1.000000000000,1.000000000000,1.000000000000,,0.578455302390,,1
312,273113,273113,273113,-14392,,1783334485203261074,1783334485203548579,1783334485203548579,,1783334485203534187,1783334485203534187,,0,1.000000000000,1.000000000000,1.000000000000,,0.579131332909,,1
313,282780,282780,282780,-8571,,1783334485203375245,1783334485203666596,1783334485203666596,,1783334485203658025,1783334485203658025,,2,1.000000000000,1.000000000000,1.000000000000,,0.568041954178,,1
314,278935,278935,278935,-11491,,1783334485203494966,1783334485203785392,1783334485203785392,,1783334485203773901,1783334485203773901,,0,1.000000000000,1.000000000000,1.000000000000,,0.572427035834,,1
315,278242,278242,278242,-8911,,1783334485203615596,1783334485203902749,1783334485203902749,,1783334485203893838,1783334485203893838,,1,1.000000000000,1.000000000000,1.000000000000,,0.573220969775,,1
316,274008,274008,274008,-12231,,1783334485203736127,1783334485204022366,1783334485204022366,,1783334485204010135,1783334485204010135,,1,1.000000000000,1.000000000000,1.000000000000,,0.578095615067,,1
317,273164,273164,273164,-12670,,1783334485203859538,1783334485204145372,1783334485204145372,,1783334485204132702,1783334485204132702,,3,1.000000000000,1.000000000000,1.000000000000,,0.579072264525,,1
318,278150,278150,278150,-11441,,1783334485203977338,1783334485204266929,1783334485204266929,,1783334485204255488,1783334485204255488,,0,1.000000000000,1.000000000000,1.000000000000,,0.573326452138,,1
319,279116,279116,279116,-13160,,1783334485204095089,1783334485204387365,1783334485204387365,,1783334485204374205,1783334485204374205,,3,1.000000000000,1.000000000000,1.000000000000,,0.572219854750,,1
320,279281,279281,279281,-8960,,1783334485204213731,1783334485204501972,1783334485204501972,,1783334485204493012,1783334485204493012,,2,1.000000000000,1.000000000000,1.000000000000,,0.572031053351,,1
321,275597,275597,275597,-13611,,1783334485204333321,1783334485204622529,1783334485204622529,,1783334485204608918,1783334485204608918,,1,1.000000000000,1.000000000000,1.000000000000,,0.576261343403,,1
322,275893,275893,275893,-13670,,1783334485204452282,1783334485204741845,1783334485204741845,,1783334485204728175,1783334485204728175,,3,1.000000000000,1.000000000000,1.000000000000,,0.575920297648,,1
323,273550,273550,273550,-13181,,1783334485204571822,1783334485204858553,1783334485204858553,,1783334485204845372,1783334485204845372,,2,1.000000000000,1.000000000000,1.000000000000,,0.578625393251,,1
324,275156,275156,275156,-11800,,1783334485204691383,1783334485204978339,1783334485204978339,,1783334485204966539,1783334485204966539,,3,1.000000000000,1.000000000000,1.000000000000,,0.576769830118,,1
325,282151,282151,282151,-7091,,1783334485204810664,1783334485205099906,1783334485205099906,,1783334485205092815,1783334485205092815,,0,1.000000000000,1.000000000000,1.000000000000,,0.568757000626,,1
326,273458,273458,273458,-14060,,1783334485204936764,1783334485205224282,1783334485205224282,,1783334485205210222,1783334485205210222,,3,1.000000000000,1.000000000000,1.000000000000,,0.578731870119,,1
327,272503,272503,272503,-14270,,1783334485205054566,1783334485205341339,1783334485205341339,,1783334485205327069,1783334485205327069,,0,1.000000000000,1.000000000000,1.000000000000,,0.579838304300,,1
328,276588,276588,276588,-10611,,1783334485205172947,1783334485205460146,1783334485205460146,,1783334485205449535,1783334485205449535,,0,1.000000000000,1.000000000000,1.000000000000,,0.575120324544,,1
329,286745,286745,286745,-8960,,1783334485205292377,1783334485205588082,1783334485205588082,,1783334485205579122,1783334485205579122,,1,1.000000000000,1.000000000000,1.000000000000,,0.563555194994,,1
330,278051,278051,278051,-11560,,1783334485205411768,1783334485205701379,1783334485205701379,,1783334485205689819,1783334485205689819,,3,1.000000000000,1.000000000000,1.000000000000,,0.573439982014,,1
331,273587,273587,273587,-12609,,1783334485205531389,1783334485205817585,1783334485205817585,,1783334485205804976,1783334485205804976,,0,1.000000000000,1.000000000000,1.000000000000,,0.578582576557,,1
332,274623,274623,274623,-12540,,1783334485205650579,1783334485205937742,1783334485205937742,,1783334485205925202,1783334485205925202,,0,1.000000000000,1.000000000000,1.000000000000,,0.577384994581,,1
333,273879,273879,273879,-12410,,1783334485205769920,1783334485206056209,1783334485206056209,,1783334485206043799,1783334485206043799,,3,1.000000000000,1.000000000000,1.000000000000,,0.578244782977,,1
334,283254,283254,283254,-9900,,1783334485205898851,1783334485206192005,1783334485206192005,,1783334485206182105,1783334485206182105,,2,1.000000000000,1.000000000000,1.000000000000,,0.567503705575,,1
335,282590,282590,282590,-11179,,1783334485206012642,1783334485206306411,1783334485206306411,,1783334485206295232,1783334485206295232,,0,1.000000000000,1.000000000000,1.000000000000,,0.568257851138,,1
336,277946,277946,277946,-12499,,1783334485206133893,1783334485206424338,1783334485206424338,,1783334485206411839,1783334485206411839,,0,1.000000000000,1.000000000000,1.000000000000,,0.573560417056,,1
337,273332,273332,273332,-13389,,1783334485206253634,1783334485206540355,1783334485206540355,,1783334485206526966,1783334485206526966,,0,1.000000000000,1.000000000000,1.000000000000,,0.578877728928,,1
338,276009,276009,276009,-11578,,1783334485206376164,1783334485206663751,1783334485206663751,,1783334485206652173,1783334485206652173,,0,1.000000000000,1.000000000000,1.000000000000,,0.575786699637,,1
339,273685,273685,273685,-13078,,1783334485206496695,1783334485206783458,1783334485206783458,,1783334485206770380,1783334485206770380,,2,1.000000000000,1.000000000000,1.000000000000,,0.578469185484,,1
340,279120,279120,279120,-9708,,1783334485206617726,1783334485206906554,1783334485206906554,,1783334485206896846,1783334485206896846,,3,1.000000000000,1.000000000000,1.000000000000,,0.572215277009,,1
341,277077,277077,277077,-10598,,1783334485206738136,1783334485207025811,1783334485207025811,,1783334485207015213,1783334485207015213,,2,1.000000000000,1.000000000000,1.000000000000,,0.574558131824,,1
342,272182,272182,272182,-14177,,1783334485206855788,1783334485207142147,1783334485207142147,,1783334485207127970,1783334485207127970,,1,1.000000000000,1.000000000000,1.000000000000,,0.580210680011,,1
343,271138,271138,271138,-13797,,1783334485206980769,1783334485207265704,1783334485207265704,,1783334485207251907,1783334485207251907,,3,1.000000000000,1.000000000000,1.000000000000,,0.581423425576,,1
344,273284,273284,273284,-13807,,1783334485207098619,1783334485207385710,1783334485207385710,,1783334485207371903,1783334485207371903,,1,1.000000000000,1.000000000000,1.000000000000,,0.578933303858,,1
345,276900,276900,276900,-9937,,1783334485207217440,1783334485207504277,1783334485207504277,,1783334485207494340,1783334485207494340,,3,1.000000000000,1.000000000000,1.000000000000,,0.574761561407,,1
346,277895,277895,277895,-12678,,1783334485207337951,1783334485207628524,1783334485207628524,,1783334485207615846,1783334485207615846,,1,1.000000000000,1.000000000000,1.000000000000,,0.573618923202,,1
347,276532,276532,276532,-13127,,1783334485207457371,1783334485207747030,1783334485207747030,,1783334485207733903,1783334485207733903,,3,1.000000000000,1.000000000000,1.000000000000,,0.575184741628,,1
348,280468,280468,280468,-7418,,1783334485207580162,1783334485207868048,1783334485207868048,,1783334485207860630,1783334485207860630,,1,1.000000000000,1.000000000000,1.000000000000,,0.570674662304,,1
349,273154,273154,273154,-13907,,1783334485207699563,1783334485207986624,1783334485207986624,,1783334485207972717,1783334485207972717,,3,1.000000000000,1.000000000000,1.000000000000,,0.579083846086,,1
350,272059,272059,272059,-14058,,1783334485207818414,1783334485208104531,1783334485208104531,,1783334485208090473,1783334485208090473,,0,1.000000000000,1.000000000000,1.000000000000,,0.580353429395,,1
351,279125,279125,279125,-12717,,1783334485207941455,1783334485208233297,1783334485208233297,,1783334485208220580,1783334485208220580,,0,1.000000000000,1.000000000000,1.000000000000,,0.572209554885,,1
352,280550,280550,280550,-13818,,1783334485208059606,1783334485208353974,1783334485208353974,,1783334485208340156,1783334485208340156,,2,1.000000000000,1.000000000000,1.000000000000,,0.570581079333,,1
353,273437,273437,273437,-13408,,1783334485208180196,1783334485208467041,1783334485208467041,,1783334485208453633,1783334485208453633,,3,1.000000000000,1.000000000000,1.000000000000,,0.578756177368,,1
354,280233,280233,280233,-13057,,1783334485208305407,1783334485208598697,1783334485208598697,,1783334485208585640,1783334485208585640,,1,1.000000000000,1.000000000000,1.000000000000,,0.570942942436,,1
355,272939,272939,272939,-13377,,1783334485208425898,1783334485208712214,1783334485208712214,,1783334485208698837,1783334485208698837,,1,1.000000000000,1.000000000000,1.000000000000,,0.579332905684,,1
356,274475,274475,274475,-12447,,1783334485208543978,1783334485208830900,1783334485208830900,,1783334485208818453,1783334485208818453,,1,1.000000000000,1.000000000000,1.000000000000,,0.577555925836,,1
357,273120,273120,273120,-13647,,1783334485208662700,1783334485208949467,1783334485208949467,,1783334485208935820,1783334485208935820,,2,1.000000000000,1.000000000000,1.000000000000,,0.579123225127,,1
358,282185,282185,282185,-6797,,1783334485208783761,1783334485209072743,1783334485209072743,,1783334485209065946,1783334485209065946,,3,1.000000000000,1.000000000000,1.000000000000,,0.568718326465,,1
359,272712,272712,272712,-13167,,1783334485208902521,1783334485209188400,1783334485209188400,,1783334485209175233,1783334485209175233,,1,1.000000000000,1.000000000000,1.000000000000,,0.579595982537,,1
360,274678,274678,274678,-10666,,1783334485209037252,1783334485209322596,1783334485209322596,,1783334485209311930,1783334485209311930,,3,1.000000000000,1.000000000000,1.000000000000,,0.577321485725,,1
361,277513,277513,277513,-11067,,1783334485209154413,1783334485209442993,1783334485209442993,,1783334485209431926,1783334485209431926,,3,1.000000000000,1.000000000000,1.000000000000,,0.574057335512,,1
362,305180,305180,305180,10924,,1783334485209275163,1783334485209569419,1783334485209569419,,1783334485209580343,1783334485209580343,,1,1.000000000000,1.000000000000,1.000000000000,,0.543155297967,,1
363,290016,290016,290016,11064,,1783334485209388774,1783334485209667726,1783334485209667726,,1783334485209678790,1783334485209678790,,1,1.000000000000,1.000000000000,1.000000000000,,0.559880450104,,1
364,275353,275353,275353,-12245,,1783334485209506435,1783334485209794033,1783334485209794033,,1783334485209781788,1783334485209781788,,2,1.000000000000,1.000000000000,1.000000000000,,0.576542627567,,1
365,279268,279268,279268,-9265,,1783334485209627176,1783334485209915709,1783334485209915709,,1783334485209906444,1783334485209906444,,3,1.000000000000,1.000000000000,1.000000000000,,0.572045926352,,1
366,277714,277714,277714,-10125,,1783334485209747307,1783334485210035146,1783334485210035146,,1783334485210025021,1783334485210025021,,2,1.000000000000,1.000000000000,1.000000000000,,0.573826610842,,1
367,277110,277110,277110,-12364,,1783334485209865968,1783334485210155442,1783334485210155442,,1783334485210143078,1783334485210143078,,1,1.000000000000,1.000000000000,1.000000000000,,0.574520212238,,1
368,276026,276026,276026,-10685,,1783334485209983988,1783334485210270699,1783334485210270699,,1783334485210260014,1783334485210260014,,1,1.000000000000,1.000000000000,1.000000000000,,0.575767123222,,1
369,276642,276642,276642,-12644,,1783334485210101959,1783334485210391245,1783334485210391245,,1783334485210378601,1783334485210378601,,3,1.000000000000,1.000000000000,1.000000000000,,0.575058214903,,1
370,273569,273569,273569,-13754,,1783334485210222009,1783334485210509332,1783334485210509332,,1783334485210495578,1783334485210495578,,0,1.000000000000,1.000000000000,1.000000000000,,0.578603405904,,1
371,274884,274884,274884,-13205,,1783334485210342470,1783334485210630559,1783334485210630559,,1783334485210617354,1783334485210617354,,3,1.000000000000,1.000000000000,1.000000000000,,0.577083678265,,1
372,276829,276829,276829,-10984,,1783334485210461562,1783334485210749375,1783334485210749375,,1783334485210738391,1783334485210738391,,2,1.000000000000,1.000000000000,1.000000000000,,0.574843183344,,1
373,275536,275536,275536,-11745,,1783334485210584902,1783334485210872183,1783334485210872183,,1783334485210860438,1783334485210860438,,1,1.000000000000,1.000000000000,1.000000000000,,0.576331651576,,1
374,276621,276621,276621,-9985,,1783334485210701163,1783334485210987769,1783334485210987769,,1783334485210977784,1783334485210977784,,0,1.000000000000,1.000000000000,1.000000000000,,0.575082367855,,1
375,272117,272117,272117,-13325,,1783334485210823924,1783334485211109366,1783334485211109366,,1783334485211096041,1783334485211096041,,2,1.000000000000,1.000000000000,1.000000000000,,0.580286112302,,1
376,282144,282144,282144,-7234,,1783334485210946754,1783334485211236132,1783334485211236132,,1783334485211228898,1783334485211228898,,2,1.000000000000,1.000000000000,1.000000000000,,0.568764963280,,1
377,279619,279619,279619,-9405,,1783334485211065015,1783334485211354039,1783334485211354039,,1783334485211344634,1783334485211344634,,2,1.000000000000,1.000000000000,1.000000000000,,0.571644491032,,1
378,274265,274265,274265,-12025,,1783334485211184306,1783334485211470596,1783334485211470596,,1783334485211458571,1783334485211458571,,3,1.000000000000,1.000000000000,1.000000000000,,0.577798550273,,1
379,283702,283702,283702,-11194,,1783334485211303166,1783334485211598062,1783334485211598062,,1783334485211586868,1783334485211586868,,0,1.000000000000,1.000000000000,1.000000000000,,0.566995449987,,1
380,277357,277357,277357,-13234,,1783334485211422478,1783334485211713069,1783334485211713069,,1783334485211699835,1783334485211699835,,3,1.000000000000,1.000000000000,1.000000000000,,0.574236469344,,1
381,273532,273532,273532,-14294,,1783334485211542009,1783334485211829835,1783334485211829835,,1783334485211815541,1783334485211815541,,0,1.000000000000,1.000000000000,1.000000000000,,0.578646224141,,1
382,272959,272959,272959,-13864,,1783334485211661619,1783334485211948442,1783334485211948442,,1783334485211934578,1783334485211934578,,3,1.000000000000,1.000000000000,1.000000000000,,0.579309732831,,1
383,276785,276785,276785,-10883,,1783334485211782330,1783334485212069998,1783334485212069998,,1783334485212059115,1783334485212059115,,3,1.000000000000,1.000000000000,1.000000000000,,0.574893771770,,1
384,272670,272670,272670,-13274,,1783334485211899721,1783334485212185665,1783334485212185665,,1783334485212172391,1783334485212172391,,3,1.000000000000,1.000000000000,1.000000000000,,0.579644670645,,1
385,286647,286647,286647,-3994,,1783334485212017411,1783334485212308052,1783334485212308052,,1783334485212304058,1783334485212304058,,3,1.000000000000,1.000000000000,1.000000000000,,0.563665662637,,1
386,277163,277163,277163,-12023,,1783334485212139782,1783334485212428968,1783334485212428968,,1783334485212416945,1783334485212416945,,3,1.000000000000,1.000000000000,1.000000000000,,0.574459316323,,1
387,274847,274847,274847,-13014,,1783334485212260474,1783334485212548335,1783334485212548335,,1783334485212535321,1783334485212535321,,0,1.000000000000,1.000000000000,1.000000000000,,0.577126384037,,1
388,279325,279325,279325,-9722,,1783334485212380834,1783334485212669881,1783334485212669881,,1783334485212660159,1783334485212660159,,2,1.000000000000,1.000000000000,1.000000000000,,0.571980716834,,1
389,273601,273601,273601,-13012,,1783334485212501495,1783334485212788108,1783334485212788108,,1783334485212775096,1783334485212775096,,1,1.000000000000,1.000000000000,1.000000000000,,0.578566376471,,1
390,282316,282316,282316,-11122,,1783334485212622306,1783334485212915744,1783334485212915744,,1783334485212904622,1783334485212904622,,2,1.000000000000,1.000000000000,1.000000000000,,0.568569341781,,1
391,279643,279643,279643,-9742,,1783334485212735786,1783334485213025171,1783334485213025171,,1783334485213015429,1783334485213015429,,1,1.000000000000,1.000000000000,1.000000000000,,0.571617052755,,1
392,272579,272579,272579,-13672,,1783334485212853287,1783334485213139538,1783334485213139538,,1783334485213125866,1783334485213125866,,3,1.000000000000,1.000000000000,1.000000000000,,0.579750175575,,1
393,278774,278774,278774,-9382,,1783334485212978548,1783334485213266704,1783334485213266704,,1783334485213257322,1783334485213257322,,1,1.000000000000,1.000000000000,1.000000000000,,0.572611387019,,1
394,274521,274521,274521,-13602,,1783334485213097808,1783334485213385931,1783334485213385931,,1783334485213372329,1783334485213372329,,0,1.000000000000,1.000000000000,1.000000000000,,0.577502793135,,1
395,275816,275816,275816,-11581,,1783334485213220310,1783334485213507707,1783334485213507707,,1783334485213496126,1783334485213496126,,3,1.000000000000,1.000000000000,1.000000000000,,0.576008996203,,1
396,275802,275802,275802,-13611,,1783334485213339821,1783334485213629234,1783334485213629234,,1783334485213615623,1783334485213615623,,1,1.000000000000,1.000000000000,1.000000000000,,0.576025124681,,1
397,272488,272488,272488,-13722,,1783334485213459181,1783334485213745391,1783334485213745391,,1783334485213731669,1783334485213731669,,3,1.000000000000,1.000000000000,1.000000000000,,0.579855699710,,1
398,290723,290723,290723,-13303,,1783334485213579662,1783334485213883688,1783334485213883688,,1783334485213870385,1783334485213870385,,1,1.000000000000,1.000000000000,1.000000000000,,0.559089338596,,1
399,276269,276269,276269,-13442,,1783334485213709483,1783334485213999194,1783334485213999194,,1783334485213985752,1783334485213985752,,1,1.000000000000,1.000000000000,1.000000000000,,0.575487368386,,1
400,271736,271736,271736,-13752,,1783334485213827453,1783334485214112941,1783334485214112941,,1783334485214099189,1783334485214099189,,1,1.000000000000,1.000000000000,1.000000000000,,0.580728458832,,1
401,272872,272872,272872,-14052,,1783334485213945164,1783334485214232088,1783334485214232088,,1783334485214218036,1783334485214218036,,0,1.000000000000,1.000000000000,1.000000000000,,0.579410541495,,1
402,273896,273896,273896,-13472,,1783334485214068766,1783334485214356134,1783334485214356134,,1783334485214342662,1783334485214342662,,2,1.000000000000,1.000000000000,1.000000000000,,0.578225122989,,1
403,274603,274603,274603,-12082,,1783334485214188176,1783334485214474861,1783334485214474861,,1783334485214462779,1783334485214462779,,0,1.000000000000,1.000000000000,1.000000000000,,0.577408090443,,1
404,284668,284668,284668,-7742,,1783334485214308927,1783334485214601337,1783334485214601337,,1783334485214593595,1783334485214593595,,2,1.000000000000,1.000000000000,1.000000000000,,0.565901072287,,1
405,277765,277765,277765,-11522,,1783334485214427597,1783334485214716884,1783334485214716884,,1783334485214705362,1783334485214705362,,0,1.000000000000,1.000000000000,1.000000000000,,0.573768083512,,1
406,273261,273261,273261,-14071,,1783334485214548468,1783334485214835800,1783334485214835800,,1783334485214821729,1783334485214821729,,3,1.000000000000,1.000000000000,1.000000000000,,0.578959935402,,1
407,271217,271217,271217,-14051,,1783334485214668949,1783334485214954217,1783334485214954217,,1783334485214940166,1783334485214940166,,3,1.000000000000,1.000000000000,1.000000000000,,0.581331567932,,1
408,272124,272124,272124,-12621,,1783334485214787349,1783334485215072094,1783334485215072094,,1783334485215059473,1783334485215059473,,2,1.000000000000,1.000000000000,1.000000000000,,0.580277988353,,1
409,277159,277159,277159,-10291,,1783334485214911630,1783334485215199080,1783334485215199080,,1783334485215188789,1783334485215188789,,1,1.000000000000,1.000000000000,1.000000000000,,0.574463912016,,1
410,272224,272224,272224,-13381,,1783334485215029182,1783334485215314787,1783334485215314787,,1783334485215301406,1783334485215301406,,1,1.000000000000,1.000000000000,1.000000000000,,0.580161944361,,1
411,273071,273071,273071,-12520,,1783334485215151172,1783334485215436763,1783334485215436763,,1783334485215424243,1783334485215424243,,1,1.000000000000,1.000000000000,1.000000000000,,0.579179981984,,1
412,282326,282326,282326,-8611,,1783334485215269763,1783334485215560700,1783334485215560700,,1783334485215552089,1783334485215552089,,1,1.000000000000,1.000000000000,1.000000000000,,0.568557970508,,1
413,280143,280143,280143,-9379,,1783334485215390494,1783334485215680016,1783334485215680016,,1783334485215670637,1783334485215670637,,2,1.000000000000,1.000000000000,1.000000000000,,0.571045721416,,1
414,275490,275490,275490,-12579,,1783334485215509304,1783334485215797373,1783334485215797373,,1783334485215784794,1783334485215784794,,2,1.000000000000,1.000000000000,1.000000000000,,0.576384676527,,1
415,275475,275475,275475,-13669,,1783334485215628425,1783334485215917569,1783334485215917569,,1783334485215903900,1783334485215903900,,1,1.000000000000,1.000000000000,1.000000000000,,0.576401968327,,1
416,274391,274391,274391,-13439,,1783334485215748926,1783334485216036756,1783334485216036756,,1783334485216023317,1783334485216023317,,0,1.000000000000,1.000000000000,1.000000000000,,0.577652963383,,1
417,272457,272457,272457,-13749,,1783334485215866617,1783334485216152823,1783334485216152823,,1783334485216139074,1783334485216139074,,1,1.000000000000,1.000000000000,1.000000000000,,0.579891651878,,1
418,280542,280542,280542,-12269,,1783334485215984318,1783334485216277129,1783334485216277129,,1783334485216264860,1783334485216264860,,2,1.000000000000,1.000000000000,1.000000000000,,0.570590208704,,1
419,274899,274899,274899,-13119,,1783334485216098008,1783334485216386026,1783334485216386026,,1783334485216372907,1783334485216372907,,1,1.000000000000,1.000000000000,1.000000000000,,0.577066366014,,1
420,282855,282855,282855,-5689,,1783334485216217149,1783334485216505693,1783334485216505693,,1783334485216500004,1783334485216500004,,1,1.000000000000,1.000000000000,1.000000000000,,0.567956754275,,1
421,274861,274861,274861,-12898,,1783334485216336040,1783334485216623799,1783334485216623799,,1783334485216610901,1783334485216610901,,0,1.000000000000,1.000000000000,1.000000000000,,0.577110224724,,1
422,271417,271417,271417,-14359,,1783334485216456970,1783334485216742746,1783334485216742746,,1783334485216728387,1783334485216728387,,3,1.000000000000,1.000000000000,1.000000000000,,0.581099081805,,1
423,277073,277073,277073,-12029,,1783334485216577401,1783334485216866503,1783334485216866503,,1783334485216854474,1783334485216854474,,3,1.000000000000,1.000000000000,1.000000000000,,0.574562728307,,1
424,277829,277829,277829,-6989,,1783334485216700512,1783334485216985330,1783334485216985330,,1783334485216978341,1783334485216978341,,3,1.000000000000,1.000000000000,1.000000000000,,0.573694645898,,1
425,277304,277304,277304,-9649,,1783334485216818183,1783334485217105136,1783334485217105136,,1783334485217095487,1783334485217095487,,0,1.000000000000,1.000000000000,1.000000000000,,0.574297341636,,1
426,274960,274960,274960,-11829,,1783334485216942994,1783334485217229783,1783334485217229783,,1783334485217217954,1783334485217217954,,3,1.000000000000,1.000000000000,1.000000000000,,0.576995968212,,1
427,275786,275786,275786,-13928,,1783334485217063475,1783334485217353189,1783334485217353189,,1783334485217339261,1783334485217339261,,0,1.000000000000,1.000000000000,1.000000000000,,0.576043557780,,1
428,272552,272552,272552,-13489,,1783334485217183055,1783334485217469096,1783334485217469096,,1783334485217455607,1783334485217455607,,1,1.000000000000,1.000000000000,1.000000000000,,0.579781482930,,1
429,280098,280098,280098,-12398,,1783334485217302556,1783334485217595052,1783334485217595052,,1783334485217582654,1783334485217582654,,2,1.000000000000,1.000000000000,1.000000000000,,0.571097117843,,1
430,276675,276675,276675,-11648,,1783334485217423126,1783334485217711449,1783334485217711449,,1783334485217699801,1783334485217699801,,0,1.000000000000,1.000000000000,1.000000000000,,0.575020262313,,1
431,281940,281940,281940,-12308,,1783334485217544017,1783334485217838265,1783334485217838265,,1783334485217825957,1783334485217825957,,3,1.000000000000,1.000000000000,1.000000000000,,0.568997066731,,1
432,276875,276875,276875,-9468,,1783334485217667489,1783334485217953832,1783334485217953832,,1783334485217944364,1783334485217944364,,1,1.000000000000,1.000000000000,1.000000000000,,0.574790300204,,1
433,278822,278822,278822,-7768,,1783334485217784949,1783334485218071539,1783334485218071539,,1783334485218063771,1783334485218063771,,3,1.000000000000,1.000000000000,1.000000000000,,0.572556418964,,1
434,277107,277107,277107,-10898,,1783334485217904070,1783334485218192075,1783334485218192075,,1783334485218181177,1783334485218181177,,2,1.000000000000,1.000000000000,1.000000000000,,0.574523659370,,1
435,273443,273443,273443,-11648,,1783334485218027271,1783334485218312362,1783334485218312362,,1783334485218300714,1783334485218300714,,0,1.000000000000,1.000000000000,1.000000000000,,0.578749232336,,1
436,272430,272430,272430,-13067,,1783334485218148741,1783334485218434238,1783334485218434238,,1783334485218421171,1783334485218421171,,0,1.000000000000,1.000000000000,1.000000000000,,0.579922966872,,1
437,278635,278635,278635,-8858,,1783334485218269592,1783334485218557085,1783334485218557085,,1783334485218548227,1783334485218548227,,1,1.000000000000,1.000000000000,1.000000000000,,0.572770595113,,1
438,279312,279312,279312,-12226,,1783334485218390723,1783334485218682261,1783334485218682261,,1783334485218670035,1783334485218670035,,1,1.000000000000,1.000000000000,1.000000000000,,0.571995588526,,1
439,273679,273679,273679,-13506,,1783334485218511033,1783334485218798218,1783334485218798218,,1783334485218784712,1783334485218784712,,1,1.000000000000,1.000000000000,1.000000000000,,0.578476127156,,1
440,272253,272253,272253,-12826,,1783334485218631425,1783334485218916504,1783334485218916504,,1783334485218903678,1783334485218903678,,2,1.000000000000,1.000000000000,1.000000000000,,0.580128295944,,1
441,275569,275569,275569,-11106,,1783334485218749036,1783334485219035711,1783334485219035711,,1783334485219024605,1783334485219024605,,2,1.000000000000,1.000000000000,1.000000000000,,0.576293614942,,1
442,274436,274436,274436,-11485,,1783334485218869586,1783334485219155507,1783334485219155507,,1783334485219144022,1783334485219144022,,0,1.000000000000,1.000000000000,1.000000000000,,0.577600976955,,1
443,273071,273071,273071,-13406,,1783334485218992247,1783334485219278724,1783334485219278724,,1783334485219265318,1783334485219265318,,3,1.000000000000,1.000000000000,1.000000000000,,0.579179981984,,1
444,272617,272617,272617,-14245,,1783334485219110158,1783334485219397020,1783334485219397020,,1783334485219382775,1783334485219382775,,2,1.000000000000,1.000000000000,1.000000000000,,0.579706116236,,1
445,276364,276364,276364,-12045,,1783334485219229458,1783334485219517867,1783334485219517867,,1783334485219505822,1783334485219505822,,2,1.000000000000,1.000000000000,1.000000000000,,0.575378036173,,1
446,283189,283189,283189,-13005,,1783334485219348619,1783334485219644813,1783334485219644813,,1783334485219631808,1783334485219631808,,3,1.000000000000,1.000000000000,1.000000000000,,0.567577485853,,1
447,274884,274884,274884,-13835,,1783334485219462381,1783334485219751100,1783334485219751100,,1783334485219737265,1783334485219737265,,2,1.000000000000,1.000000000000,1.000000000000,,0.577083678265,,1
448,280331,280331,280331,-13956,,1783334485219583101,1783334485219877388,1783334485219877388,,1783334485219863432,1783334485219863432,,1,1.000000000000,1.000000000000,1.000000000000,,0.570831048585,,1
449,276747,276747,276747,-11655,,1783334485219705802,1783334485219994204,1783334485219994204,,1783334485219982549,1783334485219982549,,2,1.000000000000,1.000000000000,1.000000000000,,0.574937465357,,1
450,271203,271203,271203,-14435,,1783334485219819343,1783334485220104981,1783334485220104981,,1783334485220090546,1783334485220090546,,3,1.000000000000,1.000000000000,1.000000000000,,0.581347845444,,1
451,270969,270969,270969,-13926,,1783334485219937953,1783334485220222848,1783334485220222848,,1783334485220208922,1783334485220208922,,1,1.000000000000,1.000000000000,1.000000000000,,0.581619979910,,1
452,272135,272135,272135,-13045,,1783334485220060734,1783334485220345914,1783334485220345914,,1783334485220332869,1783334485220332869,,0,1.000000000000,1.000000000000,1.000000000000,,0.580265222378,,1
453,275161,275161,275161,-11745,,1783334485220178235,1783334485220465141,1783334485220465141,,1783334485220453396,1783334485220453396,,0,1.000000000000,1.000000000000,1.000000000000,,0.576764062449,,1
454,299317,299317,299317,-9805,,1783334485220301285,1783334485220610407,1783334485220610407,,1783334485220600602,1783334485220600602,,3,1.000000000000,1.000000000000,1.000000000000,,0.549561825051,,1
455,276162,276162,276162,-12315,,1783334485220422197,1783334485220710674,1783334485220710674,,1783334485220698359,1783334485220698359,,3,1.000000000000,1.000000000000,1.000000000000,,0.575610535861,,1
456,275918,275918,275918,-13104,,1783334485220539808,1783334485220828830,1783334485220828830,,1783334485220815726,1783334485220815726,,2,1.000000000000,1.000000000000,1.000000000000,,0.575891502353,,1
457,278764,278764,278764,-7815,,1783334485220660308,1783334485220946887,1783334485220946887,,1783334485220939072,1783334485220939072,,2,1.000000000000,1.000000000000,1.000000000000,,0.572622839361,,1
458,275650,275650,275650,-12304,,1783334485220785329,1783334485221073283,1783334485221073283,,1783334485221060979,1783334485221060979,,0,1.000000000000,1.000000000000,1.000000000000,,0.576200262938,,1
459,275056,275056,275056,-11754,,1783334485220906130,1783334485221192940,1783334485221192940,,1783334485221181186,1783334485221181186,,1,1.000000000000,1.000000000000,1.000000000000,,0.576885195620,,1
460,278442,278442,278442,-8925,,1783334485221023970,1783334485221311337,1783334485221311337,,1783334485221302412,1783334485221302412,,2,1.000000000000,1.000000000000,1.000000000000,,0.572991727239,,1
461,274788,274788,274788,-12054,,1783334485221142391,1783334485221429233,1783334485221429233,,1783334485221417179,1783334485221417179,,3,1.000000000000,1.000000000000,1.000000000000,,0.577194488968,,1
462,272513,272513,272513,-12164,,1783334485221261373,1783334485221546050,1783334485221546050,,1783334485221533886,1783334485221533886,,0,1.000000000000,1.000000000000,1.000000000000,,0.579826707649,,1
463,282790,282790,282790,-9983,,1783334485221379403,1783334485221672176,1783334485221672176,,1783334485221662193,1783334485221662193,,0,1.000000000000,1.000000000000,1.000000000000,,0.568030593452,,1
464,273256,273256,273256,-13583,,1783334485221498284,1783334485221785123,1783334485221785123,,1783334485221771540,1783334485221771540,,3,1.000000000000,1.000000000000,1.000000000000,,0.578965725030,,1
465,275873,275873,275873,-10633,,1783334485221618814,1783334485221905320,1783334485221905320,,1783334485221894687,1783334485221894687,,2,1.000000000000,1.000000000000,1.000000000000,,0.575943334920,,1
466,273679,273679,273679,-12452,,1783334485221737975,1783334485222024106,1783334485222024106,,1783334485222011654,1783334485222011654,,2,1.000000000000,1.000000000000,1.000000000000,,0.578476127156,,1
467,284804,284804,284804,-11832,,1783334485221861286,1783334485222157922,1783334485222157922,,1783334485222146090,1783334485222146090,,0,1.000000000000,1.000000000000,1.000000000000,,0.565747168128,,1
468,273321,273321,273321,-12212,,1783334485221984136,1783334485222269669,1783334485222269669,,1783334485222257457,1783334485222257457,,3,1.000000000000,1.000000000000,1.000000000000,,0.578890464378,,1
469,272457,272457,272457,-13242,,1783334485222102007,1783334485222387706,1783334485222387706,,1783334485222374464,1783334485222374464,,0,1.000000000000,1.000000000000,1.000000000000,,0.579891651878,,1
470,275431,275431,275431,-13142,,1783334485222221049,1783334485222509622,1783334485222509622,,1783334485222496480,1783334485222496480,,0,1.000000000000,1.000000000000,1.000000000000,,0.576452693932,,1
471,278258,278258,278258,-11652,,1783334485222340989,1783334485222630899,1783334485222630899,,1783334485222619247,1783334485222619247,,2,1.000000000000,1.000000000000,1.000000000000,,0.573202626998,,1
472,274124,274124,274124,-13001,,1783334485222461510,1783334485222748635,1783334485222748635,,1783334485222735634,1783334485222735634,,1,1.000000000000,1.000000000000,1.000000000000,,0.577961512440,,1
473,276609,276609,276609,-8573,,1783334485222580351,1783334485222865533,1783334485222865533,,1783334485222856960,1783334485222856960,,1,1.000000000000,1.000000000000,1.000000000000,,0.575096169998,,1
474,282196,282196,282196,-12692,,1783334485222699071,1783334485222993959,1783334485222993959,,1783334485222981267,1783334485222981267,,3,1.000000000000,1.000000000000,1.000000000000,,0.568705814799,,1
475,272142,272142,272142,-12972,,1783334485222812662,1783334485223097776,1783334485223097776,,1783334485223084804,1783334485223084804,,0,1.000000000000,1.000000000000,1.000000000000,,0.580257098722,,1
476,279497,279497,279497,-13583,,1783334485222936853,1783334485223229933,1783334485223229933,,1783334485223216350,1783334485223216350,,0,1.000000000000,1.000000000000,1.000000000000,,0.571783989306,,1
477,271643,271643,271643,-14023,,1783334485223054614,1783334485223340280,1783334485223340280,,1783334485223326257,1783334485223326257,,1,1.000000000000,1.000000000000,1.000000000000,,0.580836484372,,1
478,274659,274659,274659,-13572,,1783334485223172125,1783334485223460356,1783334485223460356,,1783334485223446784,1783334485223446784,,0,1.000000000000,1.000000000000,1.000000000000,,0.577343424358,,1
479,285805,285805,285805,-11021,,1783334485223289736,1783334485223586562,1783334485223586562,,1783334485223575541,1783334485223575541,,1,1.000000000000,1.000000000000,1.000000000000,,0.564615675299,,1
480,276791,276791,276791,-12402,,1783334485223409206,1783334485223698399,1783334485223698399,,1783334485223685997,1783334485223685997,,3,1.000000000000,1.000000000000,1.000000000000,,0.574886873086,,1
481,275637,275637,275637,-12852,,1783334485223529677,1783334485223818166,1783334485223818166,,1783334485223805314,1783334485223805314,,2,1.000000000000,1.000000000000,1.000000000000,,0.576215244340,,1
482,274693,274693,274693,-12281,,1783334485223649788,1783334485223936762,1783334485223936762,,1783334485223924481,1783334485223924481,,2,1.000000000000,1.000000000000,1.000000000000,,0.577304166340,,1
483,274590,274590,274590,-13651,,1783334485223770458,1783334485224058699,1783334485224058699,,1783334485224045048,1783334485224045048,,3,1.000000000000,1.000000000000,1.000000000000,,0.577423103249,,1
484,274985,274985,274985,-10732,,1783334485223890079,1783334485224175796,1783334485224175796,,1783334485224165064,1783334485224165064,,0,1.000000000000,1.000000000000,1.000000000000,,0.576967119134,,1
485,289199,289199,289199,-3712,,1783334485224014711,1783334485224307622,1783334485224307622,,1783334485224303910,1783334485224303910,,1,1.000000000000,1.000000000000,1.000000000000,,0.560796042595,,1
486,273006,273006,273006,-13102,,1783334485224136471,1783334485224422579,1783334485224422579,,1783334485224409477,1783334485224409477,,3,1.000000000000,1.000000000000,1.000000000000,,0.579255280276,,1
487,271342,271342,271342,-13841,,1783334485224254072,1783334485224539255,1783334485224539255,,1783334485224525414,1783334485224525414,,1,1.000000000000,1.000000000000,1.000000000000,,0.581186253205,,1
488,281339,281339,281339,-8100,,1783334485224371583,1783334485224661022,1783334485224661022,,1783334485224652922,1783334485224652922,,2,1.000000000000,1.000000000000,1.000000000000,,0.569681412414,,1
489,278826,278826,278826,-10319,,1783334485224491333,1783334485224780478,1783334485224780478,,1783334485224770159,1783334485224770159,,3,1.000000000000,1.000000000000,1.000000000000,,0.572551838531,,1
490,285201,285201,285201,-1580,,1783334485224611794,1783334485224898575,1783334485224898575,,1783334485224896995,1783334485224896995,,2,1.000000000000,1.000000000000,1.000000000000,,0.565298143163,,1
491,277227,277227,277227,-10009,,1783334485224732235,1783334485225019471,1783334485225019471,,1783334485225009462,1783334485225009462,,3,1.000000000000,1.000000000000,1.000000000000,,0.574385790237,,1
492,273593,273593,273593,-13759,,1783334485224852226,1783334485225139578,1783334485225139578,,1783334485225125819,1783334485225125819,,3,1.000000000000,1.000000000000,1.000000000000,,0.578575633607,,1
493,275508,275508,275508,-12349,,1783334485224975547,1783334485225263404,1783334485225263404,,1783334485225251055,1783334485225251055,,3,1.000000000000,1.000000000000,1.000000000000,,0.576363927052,,1
494,273224,273224,273224,-13839,,1783334485225093148,1783334485225380211,1783334485225380211,,1783334485225366372,1783334485225366372,,2,1.000000000000,1.000000000000,1.000000000000,,0.579002780023,,1
495,275741,275741,275741,-13959,,1783334485225212338,1783334485225502038,1783334485225502038,,1783334485225488079,1783334485225488079,,3,1.000000000000,1.000000000000,1.000000000000,,0.576095404033,,1
496,280256,280256,280256,-10659,,1783334485225331549,1783334485225622464,1783334485225622464,,1783334485225611805,1783334485225611805,,2,1.000000000000,1.000000000000,1.000000000000,,0.570916679665,,1
497,273332,273332,273332,-14059,,1783334485225452850,1783334485225740241,1783334485225740241,,1783334485225726182,1783334485225726182,,2,1.000000000000,1.000000000000,1.000000000000,,0.578877728928,,1
498,276779,276779,276779,-9859,,1783334485225572240,1783334485225858878,1783334485225858878,,1783334485225849019,1783334485225849019,,3,1.000000000000,1.000000000000,1.000000000000,,0.574900670537,,1
499,274594,274594,274594,-12490,,1783334485225703051,1783334485225990135,1783334485225990135,,1783334485225977645,1783334485225977645,,2,1.000000000000,1.000000000000,1.000000000000,,0.577418483882,,1
500,276469,276469,276469,-11169,,1783334485225823833,1783334485226111471,1783334485226111471,,1783334485226100302,1783334485226100302,,1,1.000000000000,1.000000000000,1.000000000000,,0.575257219471,,1
501,274016,274016,274016,-12609,,1783334485225941383,1783334485226228008,1783334485226228008,,1783334485226215399,1783334485226215399,,2,1.000000000000,1.000000000000,1.000000000000,,0.578086365611,,1
502,278841,278841,278841,-13159,,1783334485226066594,1783334485226358594,1783334485226358594,,1783334485226345435,1783334485226345435,,1,1.000000000000,1.000000000000,1.000000000000,,0.572534662234,,1
503,274768,274768,274768,-13749,,1783334485226180624,1783334485226469141,1783334485226469141,,1783334485226455392,1783334485226455392,,0,1.000000000000,1.000000000000,1.000000000000,,0.577217577210,,1
504,282353,282353,282353,-11599,,1783334485226298345,1783334485226592297,1783334485226592297,,1783334485226580698,1783334485226580698,,0,1.000000000000,1.000000000000,1.000000000000,,0.568527269206,,1
505,278539,278539,278539,-11059,,1783334485226418276,1783334485226707874,1783334485226707874,,1783334485226696815,1783334485226696815,,1,1.000000000000,1.000000000000,1.000000000000,,0.572880577626,,1
506,272436,272436,272436,-14129,,1783334485226537866,1783334485226824431,1783334485226824431,,1783334485226810302,1783334485226810302,,2,1.000000000000,1.000000000000,1.000000000000,,0.579916007838,,1
507,274831,274831,274831,-14188,,1783334485226658498,1783334485226947517,1783334485226947517,,1783334485226933329,1783334485226933329,,2,1.000000000000,1.000000000000,1.000000000000,,0.577144852377,,1
508,272026,272026,272026,-13329,,1783334485226779079,1783334485227064434,1783334485227064434,,1783334485227051105,1783334485227051105,,0,1.000000000000,1.000000000000,1.000000000000,,0.580391733986,,1
509,273163,273163,273163,-12399,,1783334485226896859,1783334485227182421,1783334485227182421,,1783334485227170022,1783334485227170022,,2,1.000000000000,1.000000000000,1.000000000000,,0.579073422671,,1
510,273919,273919,273919,-13668,,1783334485227023750,1783334485227311337,1783334485227311337,,1783334485227297669,1783334485227297669,,0,1.000000000000,1.000000000000,1.000000000000,,0.578198525245,,1
511,274034,274034,274034,-13708,,1783334485227142481,1783334485227430223,1783334485227430223,,1783334485227416515,1783334485227416515,,3,1.000000000000,1.000000000000,1.000000000000,,0.578065554876,,1
512,273691,273691,273691,-13108,,1783334485227262991,1783334485227549790,1783334485227549790,,1783334485227536682,1783334485227536682,,2,1.000000000000,1.000000000000,1.000000000000,,0.578462243896,,1
513,278108,278108,278108,-12846,,1783334485227384692,1783334485227675646,1783334485227675646,,1783334485227662800,1783334485227662800,,3,1.000000000000,1.000000000000,1.000000000000,,0.573374613583,,1
514,275963,275963,275963,-13607,,1783334485227505313,1783334485227794883,1783334485227794883,,1783334485227781276,1783334485227781276,,2,1.000000000000,1.000000000000,1.000000000000,,0.575839674450,,1
515,274289,274289,274289,-11957,,1783334485227628154,1783334485227914400,1783334485227914400,,1783334485227902443,1783334485227902443,,1,1.000000000000,1.000000000000,1.000000000000,,0.577770816608,,1
516,274604,274604,274604,-10617,,1783334485227750465,1783334485228035686,1783334485228035686,,1783334485228025069,1783334485228025069,,2,1.000000000000,1.000000000000,1.000000000000,,0.577406935628,,1
517,275480,275480,275480,-9677,,1783334485227868066,1783334485228153223,1783334485228153223,,1783334485228143546,1783334485228143546,,3,1.000000000000,1.000000000000,1.000000000000,,0.576396204336,,1
518,274867,274867,274867,-10906,,1783334485227993096,1783334485228278869,1783334485228278869,,1783334485228267963,1783334485228267963,,0,1.000000000000,1.000000000000,1.000000000000,,0.577103299443,,1
519,275512,275512,275512,-13667,,1783334485228110967,1783334485228400146,1783334485228400146,,1783334485228386479,1783334485228386479,,2,1.000000000000,1.000000000000,1.000000000000,,0.576359316159,,1
520,270928,270928,270928,-14126,,1783334485228231148,1783334485228516202,1783334485228516202,,1783334485228502076,1783334485228502076,,0,1.000000000000,1.000000000000,1.000000000000,,0.581667674704,,1
521,280895,280895,280895,-10056,,1783334485228350538,1783334485228641489,1783334485228641489,,1783334485228631433,1783334485228631433,,3,1.000000000000,1.000000000000,1.000000000000,,0.570187514184,,1
522,272729,272729,272729,-14176,,1783334485228476460,1783334485228763365,1783334485228763365,,1783334485228749189,1783334485228749189,,0,1.000000000000,1.000000000000,1.000000000000,,0.579576276609,,1
523,276435,276435,276435,-10987,,1783334485228596791,1783334485228884213,1783334485228884213,,1783334485228873226,1783334485228873226,,3,1.000000000000,1.000000000000,1.000000000000,,0.575296338292,,1
524,271002,271002,271002,-14367,,1783334485228716101,1783334485229001470,1783334485229001470,,1783334485228987103,1783334485228987103,,2,1.000000000000,1.000000000000,1.000000000000,,0.581581594258,,1
525,272598,272598,272598,-12666,,1783334485228834952,1783334485229120216,1783334485229120216,,1783334485229107550,1783334485229107550,,2,1.000000000000,1.000000000000,1.000000000000,,0.579728145487,,1
526,272433,272433,272433,-13727,,1783334485228952543,1783334485229238703,1783334485229238703,,1783334485229224976,1783334485229224976,,2,1.000000000000,1.000000000000,1.000000000000,,0.579919487345,,1
527,274670,274670,274670,-12876,,1783334485229070493,1783334485229358039,1783334485229358039,,1783334485229345163,1783334485229345163,,1,1.000000000000,1.000000000000,1.000000000000,,0.577330722943,,1
528,273286,273286,273286,-13746,,1783334485229187564,1783334485229474596,1783334485229474596,,1783334485229460850,1783334485229460850,,0,1.000000000000,1.000000000000,1.000000000000,,0.578930988129,,1
529,278581,278581,278581,-13157,,1783334485229305095,1783334485229596833,1783334485229596833,,1783334485229583676,1783334485229583676,,3,1.000000000000,1.000000000000,1.000000000000,,0.572832457678,,1
530,281887,281887,281887,-12456,,1783334485229423046,1783334485229717389,1783334485229717389,,1783334485229704933,1783334485229704933,,2,1.000000000000,1.000000000000,1.000000000000,,0.569057383616,,1
531,273353,273353,273353,-13426,,1783334485229536687,1783334485229823466,1783334485229823466,,1783334485229810040,1783334485229810040,,3,1.000000000000,1.000000000000,1.000000000000,,0.578853416574,,1
532,274879,274879,274879,-13556,,1783334485229657638,1783334485229946073,1783334485229946073,,1783334485229932517,1783334485229932517,,0,1.000000000000,1.000000000000,1.000000000000,,0.577089449130,,1
533,270385,270385,270385,-14616,,1783334485229781078,1783334485230066079,1783334485230066079,,1783334485230051463,1783334485230051463,,2,1.000000000000,1.000000000000,1.000000000000,,0.582299708931,,1
534,271291,271291,271291,-13565,,1783334485229906759,1783334485230191615,1783334485230191615,,1783334485230178050,1783334485230178050,,2,1.000000000000,1.000000000000,1.000000000000,,0.581245537226,,1
535,273927,273927,273927,-13165,,1783334485230024550,1783334485230311642,1783334485230311642,,1783334485230298477,1783334485230298477,,2,1.000000000000,1.000000000000,1.000000000000,,0.578189274143,,1
536,273903,273903,273903,-11436,,1783334485230146320,1783334485230431659,1783334485230431659,,1783334485230420223,1783334485230420223,,1,1.000000000000,1.000000000000,1.000000000000,,0.578217027894,,1
537,275288,275288,275288,-10695,,1783334485230266442,1783334485230552425,1783334485230552425,,1783334485230541730,1783334485230541730,,0,1.000000000000,1.000000000000,1.000000000000,,0.576617582980,,1
538,277956,277956,277956,-9044,,1783334485230384072,1783334485230671072,1783334485230671072,,1783334485230662028,1783334485230662028,,3,1.000000000000,1.000000000000,1.000000000000,,0.573548945962,,1
539,278141,278141,278141,-11124,,1783334485230506253,1783334485230795518,1783334485230795518,,1783334485230784394,1783334485230784394,,0,1.000000000000,1.000000000000,1.000000000000,,0.573336772107,,1
540,275017,275017,275017,-10734,,1783334485230626784,1783334485230912535,1783334485230912535,,1783334485230901801,1783334485230901801,,3,1.000000000000,1.000000000000,1.000000000000,,0.576930194420,,1
541,274634,274634,274634,-12323,,1783334485230745924,1783334485231032881,1783334485231032881,,1783334485231020558,1783334485231020558,,3,1.000000000000,1.000000000000,1.000000000000,,0.577372292251,,1
542,271499,271499,271499,-13014,,1783334485230868775,1783334485231153288,1783334485231153288,,1783334485231140274,1783334485231140274,,2,1.000000000000,1.000000000000,1.000000000000,,0.581003789370,,1
543,275585,275585,275585,-13673,,1783334485230986256,1783334485231275514,1783334485231275514,,1783334485231261841,1783334485231261841,,1,1.000000000000,1.000000000000,1.000000000000,,0.576275173842,,1
544,276282,276282,276282,-10803,,1783334485231103836,1783334485231390921,1783334485231390921,,1783334485231380118,1783334485231380118,,2,1.000000000000,1.000000000000,1.000000000000,,0.575472405909,,1
545,270847,270847,270847,-15003,,1783334485231223018,1783334485231508868,1783334485231508868,,1783334485231493865,1783334485231493865,,0,1.000000000000,1.000000000000,1.000000000000,,0.581761912500,,1
546,279962,279962,279962,-11643,,1783334485231340809,1783334485231632414,1783334485231632414,,1783334485231620771,1783334485231620771,,3,1.000000000000,1.000000000000,1.000000000000,,0.571252477387,,1
547,273749,273749,273749,-13763,,1783334485231461309,1783334485231748821,1783334485231748821,,1783334485231735058,1783334485231735058,,3,1.000000000000,1.000000000000,1.000000000000,,0.578395146167,,1
548,273835,273835,273835,-12964,,1783334485231580740,1783334485231867539,1783334485231867539,,1783334485231854575,1783334485231854575,,2,1.000000000000,1.000000000000,1.000000000000,,0.578295670757,,1
549,275080,275080,275080,-12264,,1783334485231701331,1783334485231988675,1783334485231988675,,1783334485231976411,1783334485231976411,,0,1.000000000000,1.000000000000,1.000000000000,,0.576857505795,,1
550,273687,273687,273687,-14264,,1783334485231820611,1783334485232108562,1783334485232108562,,1783334485232094298,1783334485232094298,,1,1.000000000000,1.000000000000,1.000000000000,,0.578466871612,,1
551,274263,274263,274263,-12953,,1783334485231944522,1783334485232231738,1783334485232231738,,1783334485232218785,1783334485232218785,,3,1.000000000000,1.000000000000,1.000000000000,,0.577800861472,,1
552,274208,274208,274208,-13654,,1783334485232064753,1783334485232352615,1783334485232352615,,1783334485232338961,1783334485232338961,,2,1.000000000000,1.000000000000,1.000000000000,,0.577864423062,,1
553,273034,273034,273034,-11253,,1783334485232182104,1783334485232466391,1783334485232466391,,1783334485232455138,1783334485232455138,,0,1.000000000000,1.000000000000,1.000000000000,,0.579222842888,,1
554,283510,283510,283510,-10403,,1783334485232299825,1783334485232593738,1783334485232593738,,1783334485232583335,1783334485232583335,,0,1.000000000000,1.000000000000,1.000000000000,,0.567213218049,,1
555,272687,272687,272687,-14333,,1783334485232417255,1783334485232704275,1783334485232704275,,1783334485232689942,1783334485232689942,,0,1.000000000000,1.000000000000,1.000000000000,,0.579624963061,,1
556,280812,280812,280812,-6713,,1783334485232539746,1783334485232827271,1783334485232827271,,1783334485232820558,1783334485232820558,,1,1.000000000000,1.000000000000,1.000000000000,,0.570282173168,,1
557,273898,273898,273898,-13723,,1783334485232660877,1783334485232948498,1783334485232948498,,1783334485232934775,1783334485232934775,,0,1.000000000000,1.000000000000,1.000000000000,,0.578222810093,,1
558,280895,280895,280895,-11282,,1783334485232781137,1783334485233073314,1783334485233073314,,1783334485233062032,1783334485233062032,,3,1.000000000000,1.000000000000,1.000000000000,,0.570187514184,,1
559,276910,276910,276910,-13423,,1783334485232897048,1783334485233187381,1783334485233187381,,1783334485233173958,1783334485233173958,,2,1.000000000000,1.000000000000,1.000000000000,,0.574750066291,,1
560,278235,278235,278235,-12352,,1783334485233016110,1783334485233306697,1783334485233306697,,1783334485233294345,1783334485233294345,,3,1.000000000000,1.000000000000,1.000000000000,,0.573228994925,,1
561,276412,276412,276412,-13132,,1783334485233144110,1783334485233433654,1783334485233433654,,1783334485233420522,1783334485233420522,,3,1.000000000000,1.000000000000,1.000000000000,,0.575322802532,,1
562,273117,273117,273117,-12072,,1783334485233262611,1783334485233547800,1783334485233547800,,1783334485233535728,1783334485233535728,,1,1.000000000000,1.000000000000,1.000000000000,,0.579126699876,,1
563,277334,277334,277334,-10351,,1783334485233380032,1783334485233667717,1783334485233667717,,1783334485233657366,1783334485233657366,,0,1.000000000000,1.000000000000,1.000000000000,,0.574262884829,,1
564,275091,275091,275091,-10431,,1783334485233499242,1783334485233784764,1783334485233784764,,1783334485233774333,1783334485233774333,,1,1.000000000000,1.000000000000,1.000000000000,,0.576844815070,,1
565,277497,277497,277497,-8860,,1783334485233619573,1783334485233905930,1783334485233905930,,1783334485233897070,1783334485233897070,,2,1.000000000000,1.000000000000,1.000000000000,,0.574075705640,,1
566,273693,273693,273693,-12271,,1783334485233740653,1783334485234026617,1783334485234026617,,1783334485234014346,1783334485234014346,,3,1.000000000000,1.000000000000,1.000000000000,,0.578459930051,,1
567,270668,270668,270668,-15010,,1783334485233858345,1783334485234144023,1783334485234144023,,1783334485234129013,1783334485234129013,,1,1.000000000000,1.000000000000,1.000000000000,,0.581970220550,,1
568,274474,274474,274474,-13250,,1783334485233984276,1783334485234272000,1783334485234272000,,1783334485234258750,1783334485234258750,,0,1.000000000000,1.000000000000,1.000000000000,,0.577557080949,,1
569,276510,276510,276510,-11260,,1783334485234102376,1783334485234390146,1783334485234390146,,1783334485234378886,1783334485234378886,,3,1.000000000000,1.000000000000,1.000000000000,,0.575210050313,,1
570,274556,274556,274556,-11750,,1783334485234225057,1783334485234511363,1783334485234511363,,1783334485234499613,1783334485234499613,,2,1.000000000000,1.000000000000,1.000000000000,,0.577462369355,,1
571,277491,277491,277491,-13700,,1783334485234345128,1783334485234636319,1783334485234636319,,1783334485234622619,1783334485234622619,,1,1.000000000000,1.000000000000,1.000000000000,,0.574082594590,,1
572,279748,279748,279748,-10330,,1783334485234464408,1783334485234754486,1783334485234754486,,1783334485234744156,1783334485234744156,,1,1.000000000000,1.000000000000,1.000000000000,,0.571497025777,,1
573,272754,272754,272754,-13750,,1783334485234584009,1783334485234870513,1783334485234870513,,1783334485234856763,1783334485234856763,,3,1.000000000000,1.000000000000,1.000000000000,,0.579547298519,,1
574,272550,272550,272550,-12130,,1783334485234704300,1783334485234988980,1783334485234988980,,1783334485234976850,1783334485234976850,,2,1.000000000000,1.000000000000,1.000000000000,,0.579783802061,,1
575,276895,276895,276895,-10850,,1783334485234821841,1783334485235109586,1783334485235109586,,1783334485235098736,1783334485235098736,,2,1.000000000000,1.000000000000,1.000000000000,,0.574767309052,,1
576,271081,271081,271081,-14220,,1783334485234947462,1783334485235232763,1783334485235232763,,1783334485235218543,1783334485235218543,,2,1.000000000000,1.000000000000,1.000000000000,,0.581489711625,,1
577,271907,271907,271907,-14869,,1783334485235065123,1783334485235351899,1783334485235351899,,1783334485235337030,1783334485235337030,,2,1.000000000000,1.000000000000,1.000000000000,,0.580529883658,,1
578,274233,274233,274233,-11290,,1783334485235182823,1783334485235468346,1783334485235468346,,1783334485235457056,1783334485235457056,,3,1.000000000000,1.000000000000,1.000000000000,,0.577835530563,,1
579,282639,282639,282639,-12179,,1783334485235303334,1783334485235598152,1783334485235598152,,1783334485235585973,1783334485235585973,,3,1.000000000000,1.000000000000,1.000000000000,,0.568202164597,,1
580,276405,276405,276405,-11039,,1783334485235423545,1783334485235710989,1783334485235710989,,1783334485235699950,1783334485235699950,,3,1.000000000000,1.000000000000,1.000000000000,,0.575330857108,,1
581,271532,271532,271532,-14519,,1783334485235543835,1783334485235829886,1783334485235829886,,1783334485235815367,1783334485235815367,,3,1.000000000000,1.000000000000,1.000000000000,,0.580965444385,,1
582,273706,273706,273706,-11869,,1783334485235664297,1783334485235949872,1783334485235949872,,1783334485235938003,1783334485235938003,,1,1.000000000000,1.000000000000,1.000000000000,,0.578444890289,,1
583,279202,279202,279202,-11619,,1783334485235781948,1783334485236072769,1783334485236072769,,1783334485236061150,1783334485236061150,,1,1.000000000000,1.000000000000,1.000000000000,,0.572121441398,,1
584,272099,272099,272099,-13069,,1783334485235901318,1783334485236186486,1783334485236186486,,1783334485236173417,1783334485236173417,,1,1.000000000000,1.000000000000,1.000000000000,,0.580307002978,,1
585,287634,287634,287634,3291,,1783334485236024399,1783334485236308742,1783334485236308742,,1783334485236312033,1783334485236312033,,1,1.000000000000,1.000000000000,1.000000000000,,0.562554084108,,1
586,285040,285040,285040,-9648,,1783334485236141080,1783334485236435768,1783334485236435768,,1783334485236426120,1783334485236426120,,1,1.000000000000,1.000000000000,1.000000000000,,0.565480198474,,1
587,274697,274697,274697,-12088,,1783334485236254640,1783334485236541425,1783334485236541425,,1783334485236529337,1783334485236529337,,2,1.000000000000,1.000000000000,1.000000000000,,0.577299547925,,1
588,276193,276193,276193,-12398,,1783334485236375111,1783334485236663702,1783334485236663702,,1783334485236651304,1783334485236651304,,0,1.000000000000,1.000000000000,1.000000000000,,0.575574849114,,1
589,279039,279039,279039,-8257,,1783334485236494942,1783334485236782238,1783334485236782238,,1783334485236773981,1783334485236773981,,3,1.000000000000,1.000000000000,1.000000000000,,0.572307983393,,1
590,282315,282315,282315,-8417,,1783334485236614203,1783334485236904935,1783334485236904935,,1783334485236896518,1783334485236896518,,1,1.000000000000,1.000000000000,1.000000000000,,0.568570478921,,1
591,276291,276291,276291,-13057,,1783334485236730814,1783334485237020162,1783334485237020162,,1783334485237007105,1783334485237007105,,0,1.000000000000,1.000000000000,1.000000000000,,0.575462047499,,1
592,269946,269946,269946,-14337,,1783334485236849915,1783334485237134198,1783334485237134198,,1783334485237119861,1783334485237119861,,3,1.000000000000,1.000000000000,1.000000000000,,0.582811192584,,1
593,272933,272933,272933,-13547,,1783334485236973605,1783334485237260085,1783334485237260085,,1783334485237246538,1783334485237246538,,0,1.000000000000,1.000000000000,1.000000000000,,0.579339857721,,1
594,279098,279098,279098,-13407,,1783334485237098946,1783334485237391451,1783334485237391451,,1783334485237378044,1783334485237378044,,2,1.000000000000,1.000000000000,1.000000000000,,0.572240455035,,1
595,271674,271674,271674,-13977,,1783334485237218367,1783334485237504018,1783334485237504018,,1783334485237490041,1783334485237490041,,3,1.000000000000,1.000000000000,1.000000000000,,0.580800473626,,1
596,277991,277991,277991,-10946,,1783334485237331967,1783334485237620904,1783334485237620904,,1783334485237609958,1783334485237609958,,1,1.000000000000,1.000000000000,1.000000000000,,0.573508798941,,1
597,274246,274246,274246,-12656,,1783334485237452379,1783334485237739281,1783334485237739281,,1783334485237726625,1783334485237726625,,1,1.000000000000,1.000000000000,1.000000000000,,0.577820507035,,1
598,272782,272782,272782,-12598,,1783334485237571299,1783334485237856679,1783334485237856679,,1783334485237844081,1783334485237844081,,2,1.000000000000,1.000000000000,1.000000000000,,0.579514844779,,1
599,275628,275628,275628,-12397,,1783334485237701520,1783334485237989545,1783334485237989545,,1783334485237977148,1783334485237977148,,0,1.000000000000,1.000000000000,1.000000000000,,0.576225616308,,1
600,277403,277403,277403,-7338,,1783334485237820321,1783334485238105062,1783334485238105062,,1783334485238097724,1783334485238097724,,2,1.000000000000,1.000000000000,1.000000000000,,0.574183642019,,1
601,279940,279940,279940,-10557,,1783334485237938831,1783334485238229328,1783334485238229328,,1783334485238218771,1783334485238218771,,3,1.000000000000,1.000000000000,1.000000000000,,0.571277613049,,1
602,271946,271946,271946,-14867,,1783334485238055092,1783334485238341905,1783334485238341905,,1783334485238327038,1783334485238327038,,2,1.000000000000,1.000000000000,1.000000000000,,0.580484604093,,1
603,274292,274292,274292,-11937,,1783334485238170703,1783334485238456932,1783334485238456932,,1783334485238444995,1783334485238444995,,0,1.000000000000,1.000000000000,1.000000000000,,0.577767349993,,1
604,283538,283538,283538,-12277,,1783334485238293663,1783334485238589478,1783334485238589478,,1783334485238577201,1783334485238577201,,0,1.000000000000,1.000000000000,1.000000000000,,0.567181454998,,1
605,274653,274653,274653,-13867,,1783334485238412985,1783334485238701505,1783334485238701505,,1783334485238687638,1783334485238687638,,0,1.000000000000,1.000000000000,1.000000000000,,0.577350352521,,1
606,272629,272629,272629,-12566,,1783334485238533526,1783334485238818721,1783334485238818721,,1783334485238806155,1783334485238806155,,0,1.000000000000,1.000000000000,1.000000000000,,0.579692203456,,1
607,275436,275436,275436,-14286,,1783334485238646786,1783334485238936508,1783334485238936508,,1783334485238922222,1783334485238922222,,2,1.000000000000,1.000000000000,1.000000000000,,0.576446929434,,1
608,280021,280021,280021,-12956,,1783334485238765897,1783334485239058874,1783334485239058874,,1783334485239045918,1783334485239045918,,0,1.000000000000,1.000000000000,1.000000000000,,0.571185073572,,1
609,272547,272547,272547,-12136,,1783334485238893368,1783334485239178051,1783334485239178051,,1783334485239165915,1783334485239165915,,1,1.000000000000,1.000000000000,1.000000000000,,0.579787280774,,1
610,278733,278733,278733,-12936,,1783334485239011618,1783334485239303287,1783334485239303287,,1783334485239290351,1783334485239290351,,3,1.000000000000,1.000000000000,1.000000000000,,0.572658343078,,1
611,275699,275699,275699,-9806,,1783334485239133049,1783334485239418554,1783334485239418554,,1783334485239408748,1783334485239408748,,0,1.000000000000,1.000000000000,1.000000000000,,0.576143798079,,1
612,275664,275664,275664,-11566,,1783334485239253401,1783334485239540631,1783334485239540631,,1783334485239529065,1783334485239529065,,3,1.000000000000,1.000000000000,1.000000000000,,0.576184129557,,1
613,278131,278131,278131,-11545,,1783334485239373641,1783334485239663317,1783334485239663317,,1783334485239651772,1783334485239651772,,1,1.000000000000,1.000000000000,1.000000000000,,0.573348238957,,1
614,279597,279597,279597,-13144,,1783334485239494232,1783334485239786973,1783334485239786973,,1783334485239773829,1783334485239773829,,0,1.000000000000,1.000000000000,1.000000000000,,0.571669643943,,1
615,275103,275103,275103,-13804,,1783334485239607753,1783334485239896660,1783334485239896660,,1783334485239882856,1783334485239882856,,2,1.000000000000,1.000000000000,1.000000000000,,0.576830970960,,1
616,273460,273460,273460,-11914,,1783334485239727923,1783334485240013297,1783334485240013297,,1783334485240001383,1783334485240001383,,1,1.000000000000,1.000000000000,1.000000000000,,0.578729555197,,1
617,274525,274525,274525,-11675,,1783334485239845394,1783334485240131594,1783334485240131594,,1783334485240119919,1783334485240119919,,1,1.000000000000,1.000000000000,1.000000000000,,0.577498173131,,1
618,270041,270041,270041,-14764,,1783334485239967665,1783334485240252470,1783334485240252470,,1783334485240237706,1783334485240237706,,1,1.000000000000,1.000000000000,1.000000000000,,0.582700468976,,1
619,276288,276288,276288,-13394,,1783334485240085065,1783334485240374747,1783334485240374747,,1783334485240361353,1783334485240361353,,1,1.000000000000,1.000000000000,1.000000000000,,0.575465500281,,1
620,271853,271853,271853,-14353,,1783334485240207407,1783334485240493613,1783334485240493613,,1783334485240479260,1783334485240479260,,3,1.000000000000,1.000000000000,1.000000000000,,0.580592584271,,1
621,278118,278118,278118,-12234,,1783334485240326658,1783334485240617010,1783334485240617010,,1783334485240604776,1783334485240604776,,0,1.000000000000,1.000000000000,1.000000000000,,0.573363146205,,1
622,283435,283435,283435,-6753,,1783334485240445588,1783334485240735776,1783334485240735776,,1783334485240729023,1783334485240729023,,0,1.000000000000,1.000000000000,1.000000000000,,0.567298306413,,1
623,292720,292720,292720,-10764,,1783334485240566599,1783334485240870083,1783334485240870083,,1783334485240859319,1783334485240859319,,0,1.000000000000,1.000000000000,1.000000000000,,0.556860789153,,1
624,271036,271036,271036,-14615,,1783334485240687250,1783334485240972901,1783334485240972901,,1783334485240958286,1783334485240958286,,0,1.000000000000,1.000000000000,1.000000000000,,0.581542048054,,1
625,270813,270813,270813,-14394,,1783334485240800550,1783334485241085757,1783334485241085757,,1783334485241071363,1783334485241071363,,2,1.000000000000,1.000000000000,1.000000000000,,0.581801473655,,1
626,274959,274959,274959,-13114,,1783334485240923491,1783334485241211564,1783334485241211564,,1783334485241198450,1783334485241198450,,2,1.000000000000,1.000000000000,1.000000000000,,0.576997122205,,1
627,272403,272403,272403,-13154,,1783334485241046443,1783334485241332000,1783334485241332000,,1783334485241318846,1783334485241318846,,2,1.000000000000,1.000000000000,1.000000000000,,0.579954283558,,1
628,278500,278500,278500,-8234,,1783334485241164603,1783334485241451337,1783334485241451337,,1783334485241443103,1783334485241443103,,2,1.000000000000,1.000000000000,1.000000000000,,0.572925264054,,1
629,276036,276036,276036,-8554,,1783334485241278604,1783334485241563194,1783334485241563194,,1783334485241554640,1783334485241554640,,3,1.000000000000,1.000000000000,1.000000000000,,0.575755607994,,1
630,278473,278473,278473,-11423,,1783334485241392154,1783334485241682050,1783334485241682050,,1783334485241670627,1783334485241670627,,1,1.000000000000,1.000000000000,1.000000000000,,0.572956202853,,1
631,275178,275178,275178,-11884,,1783334485241514955,1783334485241802017,1783334485241802017,,1783334485241790133,1783334485241790133,,1,1.000000000000,1.000000000000,1.000000000000,,0.576744452804,,1
632,270224,270224,270224,-14503,,1783334485241635066,1783334485241919793,1783334485241919793,,1783334485241905290,1783334485241905290,,1,1.000000000000,1.000000000000,1.000000000000,,0.582487239628,,1
633,277810,277810,277810,-10364,,1783334485241757306,1783334485242045480,1783334485242045480,,1783334485242035116,1783334485242035116,,1,1.000000000000,1.000000000000,1.000000000000,,0.573716446708,,1
634,275806,275806,275806,-10544,,1783334485241874907,1783334485242161257,1783334485242161257,,1783334485242150713,1783334485242150713,,1,1.000000000000,1.000000000000,1.000000000000,,0.576020516498,,1
635,273861,273861,273861,-12743,,1783334485241997879,1783334485242284483,1783334485242284483,,1783334485242271740,1783334485242271740,,1,1.000000000000,1.000000000000,1.000000000000,,0.578265600164,,1
636,271758,271758,271758,-14273,,1783334485242115629,1783334485242401660,1783334485242401660,,1783334485242387387,1783334485242387387,,1,1.000000000000,1.000000000000,1.000000000000,,0.580702907342,,1
637,275893,275893,275893,-13923,,1783334485242234830,1783334485242524646,1783334485242524646,,1783334485242510723,1783334485242510723,,3,1.000000000000,1.000000000000,1.000000000000,,0.575920297648,,1
638,276890,276890,276890,-11752,,1783334485242354291,1783334485242642933,1783334485242642933,,1783334485242631181,1783334485242631181,,0,1.000000000000,1.000000000000,1.000000000000,,0.574773056753,,1
639,274847,274847,274847,-13551,,1783334485242474731,1783334485242763129,1783334485242763129,,1783334485242749578,1783334485242749578,,1,1.000000000000,1.000000000000,1.000000000000,,0.577126384037,,1
640,272073,272073,272073,-13331,,1783334485242594982,1783334485242880386,1783334485242880386,,1783334485242867055,1783334485242867055,,3,1.000000000000,1.000000000000,1.000000000000,,0.580337179727,,1
641,276118,276118,276118,-12651,,1783334485242715233,1783334485243004002,1783334485243004002,,1783334485242991351,1783334485242991351,,3,1.000000000000,1.000000000000,1.000000000000,,0.575661191817,,1
642,277934,277934,277934,-13031,,1783334485242835804,1783334485243126769,1783334485243126769,,1783334485243113738,1783334485243113738,,0,1.000000000000,1.000000000000,1.000000000000,,0.573574182671,,1
643,277450,277450,277450,-11451,,1783334485242951475,1783334485243240376,1783334485243240376,,1783334485243228925,1783334485243228925,,3,1.000000000000,1.000000000000,1.000000000000,,0.574129671293,,1
644,273305,273305,273305,-12791,,1783334485243070736,1783334485243356832,1783334485243356832,,1783334485243344041,1783334485243344041,,2,1.000000000000,1.000000000000,1.000000000000,,0.578908989169,,1
645,269352,269352,269352,-14911,,1783334485243187746,1783334485243472009,1783334485243472009,,1783334485243457098,1783334485243457098,,3,1.000000000000,1.000000000000,1.000000000000,,0.583503983717,,1
646,295727,295727,295727,-12221,,1783334485243305317,1783334485243613265,1783334485243613265,,1783334485243601044,1783334485243601044,,2,1.000000000000,1.000000000000,1.000000000000,,0.553521878535,,1
647,273334,273334,273334,-13100,,1783334485243425808,1783334485243712242,1783334485243712242,,1783334485243699142,1783334485243699142,,1,1.000000000000,1.000000000000,1.000000000000,,0.578875413422,,1
648,273890,273890,273890,-13702,,1783334485243545988,1783334485243833580,1783334485243833580,,1783334485243819878,1783334485243819878,,3,1.000000000000,1.000000000000,1.000000000000,,0.578232061732,,1
649,274636,274636,274636,-11021,,1783334485243666329,1783334485243951986,1783334485243951986,,1783334485243940965,1783334485243940965,,2,1.000000000000,1.000000000000,1.000000000000,,0.577369982767,,1
650,271581,271581,271581,-13311,,1783334485243789121,1783334485244074013,1783334485244074013,,1783334485244060702,1783334485244060702,,3,1.000000000000,1.000000000000,1.000000000000,,0.580908512561,,1
651,271527,271527,271527,-12211,,1783334485243907901,1783334485244191639,1783334485244191639,,1783334485244179428,1783334485244179428,,2,1.000000000000,1.000000000000,1.000000000000,,0.580971254069,,1
652,287443,287443,287443,-10091,,1783334485244031992,1783334485244329526,1783334485244329526,,1783334485244319435,1783334485244319435,,3,1.000000000000,1.000000000000,1.000000000000,,0.562769020819,,1
653,275829,275829,275829,-11550,,1783334485244150693,1783334485244438072,1783334485244438072,,1783334485244426522,1783334485244426522,,0,1.000000000000,1.000000000000,1.000000000000,,0.575994020164,,1
654,281305,281305,281305,-6791,,1783334485244271043,1783334485244559139,1783334485244559139,,1783334485244552348,1783334485244552348,,0,1.000000000000,1.000000000000,1.000000000000,,0.569720152067,,1
655,288681,288681,288681,-4970,,1783334485244393934,1783334485244687585,1783334485244687585,,1783334485244682615,1783334485244682615,,0,1.000000000000,1.000000000000,1.000000000000,,0.561377328349,,1
656,277467,277467,277467,-10700,,1783334485244512405,1783334485244800572,1783334485244800572,,1783334485244789872,1783334485244789872,,1,1.000000000000,1.000000000000,1.000000000000,,0.574110151216,,1
657,273182,273182,273182,-12591,,1783334485244633806,1783334485244919579,1783334485244919579,,1783334485244906988,1783334485244906988,,3,1.000000000000,1.000000000000,1.000000000000,,0.579051418299,,1
658,269788,269788,269788,-14850,,1783334485244752247,1783334485245036885,1783334485245036885,,1783334485245022035,1783334485245022035,,3,1.000000000000,1.000000000000,1.000000000000,,0.582995390022,,1
659,275534,275534,275534,-13230,,1783334485244869798,1783334485245158562,1783334485245158562,,1783334485245145332,1783334485245145332,,0,1.000000000000,1.000000000000,1.000000000000,,0.576333956907,,1
660,273750,273750,273750,-11180,,1783334485244994298,1783334485245279228,1783334485245279228,,1783334485245268048,1783334485245268048,,2,1.000000000000,1.000000000000,1.000000000000,,0.578393989378,,1
661,273376,273376,273376,-13740,,1783334485245111709,1783334485245398825,1783334485245398825,,1783334485245385085,1783334485245385085,,2,1.000000000000,1.000000000000,1.000000000000,,0.578826789929,,1
662,270673,270673,270673,-14700,,1783334485245232479,1783334485245517852,1783334485245517852,,1783334485245503152,1783334485245503152,,1,1.000000000000,1.000000000000,1.000000000000,,0.581964400877,,1
663,278809,278809,278809,-10839,,1783334485245352620,1783334485245642268,1783334485245642268,,1783334485245631429,1783334485245631429,,0,1.000000000000,1.000000000000,1.000000000000,,0.572571305625,,1
664,271585,271585,271585,-13959,,1783334485245475011,1783334485245760555,1783334485245760555,,1783334485245746596,1783334485245746596,,1,1.000000000000,1.000000000000,1.000000000000,,0.580903865312,,1
665,273611,273611,273611,-12098,,1783334485245596802,1783334485245882511,1783334485245882511,,1783334485245870413,1783334485245870413,,3,1.000000000000,1.000000000000,1.000000000000,,0.578554805259,,1
666,272567,272567,272567,-13588,,1783334485245716463,1783334485246002618,1783334485246002618,,1783334485245989030,1783334485245989030,,1,1.000000000000,1.000000000000,1.000000000000,,0.579764089746,,1
667,271182,271182,271182,-14608,,1783334485245833684,1783334485246119474,1783334485246119474,,1783334485246104866,1783334485246104866,,2,1.000000000000,1.000000000000,1.000000000000,,0.581372262566,,1
668,272329,272329,272329,-13448,,1783334485245953984,1783334485246239761,1783334485246239761,,1783334485246226313,1783334485246226313,,0,1.000000000000,1.000000000000,1.000000000000,,0.580040123144,,1
669,269505,269505,269505,-14477,,1783334485246076425,1783334485246360407,1783334485246360407,,1783334485246345930,1783334485246345930,,3,1.000000000000,1.000000000000,1.000000000000,,0.583325458814,,1
670,280200,280200,280200,-13548,,1783334485246193646,1783334485246487394,1783334485246487394,,1783334485246473846,1783334485246473846,,0,1.000000000000,1.000000000000,1.000000000000,,0.570980625914,,1
671,278947,278947,278947,-14348,,1783334485246307096,1783334485246600391,1783334485246600391,,1783334485246586043,1783334485246586043,,1,1.000000000000,1.000000000000,1.000000000000,,0.572413297750,,1
672,271783,271783,271783,-14307,,1783334485246424497,1783334485246710587,1783334485246710587,,1783334485246696280,1783334485246696280,,3,1.000000000000,1.000000000000,1.000000000000,,0.580673872923,,1
673,271218,271218,271218,-13978,,1783334485246543719,1783334485246828915,1783334485246828915,,1783334485246814937,1783334485246814937,,3,1.000000000000,1.000000000000,1.000000000000,,0.581330405270,,1
674,273434,273434,273434,-13928,,1783334485246670979,1783334485246958341,1783334485246958341,,1783334485246944413,1783334485246944413,,1,1.000000000000,1.000000000000,1.000000000000,,0.578759649916,,1
675,272080,272080,272080,-13638,,1783334485246791610,1783334485247077328,1783334485247077328,,1783334485247063690,1783334485247063690,,3,1.000000000000,1.000000000000,1.000000000000,,0.580329055063,,1
676,279745,279745,279745,-4968,,1783334485246914121,1783334485247198834,1783334485247198834,,1783334485247193866,1783334485247193866,,0,1.000000000000,1.000000000000,1.000000000000,,0.571500454770,,1
677,273082,273082,273082,-14088,,1783334485247031391,1783334485247318561,1783334485247318561,,1783334485247304473,1783334485247304473,,3,1.000000000000,1.000000000000,1.000000000000,,0.579167240164,,1
678,271888,271888,271888,-13758,,1783334485247153532,1783334485247439178,1783334485247439178,,1783334485247425420,1783334485247425420,,0,1.000000000000,1.000000000000,1.000000000000,,0.580551944212,,1
679,274723,274723,274723,-10228,,1783334485247275943,1783334485247560894,1783334485247560894,,1783334485247550666,1783334485247550666,,1,1.000000000000,1.000000000000,1.000000000000,,0.577269529129,,1
680,277729,277729,277729,-12878,,1783334485247393414,1783334485247684021,1783334485247684021,,1783334485247671143,1783334485247671143,,2,1.000000000000,1.000000000000,1.000000000000,,0.573809396301,,1
681,275005,275005,275005,-11507,,1783334485247512915,1783334485247799427,1783334485247799427,,1783334485247787920,1783334485247787920,,3,1.000000000000,1.000000000000,1.000000000000,,0.576944040911,,1
682,272671,272671,272671,-13537,,1783334485247631476,1783334485247917684,1783334485247917684,,1783334485247904147,1783334485247904147,,3,1.000000000000,1.000000000000,1.000000000000,,0.579643511356,,1
683,274937,274937,274937,-10907,,1783334485247751946,1783334485248037790,1783334485248037790,,1783334485248026883,1783334485248026883,,3,1.000000000000,1.000000000000,1.000000000000,,0.577022510637,,1
684,278533,278533,278533,-9487,,1783334485247872277,1783334485248160297,1783334485248160297,,1783334485248150810,1783334485248150810,,3,1.000000000000,1.000000000000,1.000000000000,,0.572887452234,,1
685,274419,274419,274419,-12547,,1783334485247990278,1783334485248277244,1783334485248277244,,1783334485248264697,1783334485248264697,,1,1.000000000000,1.000000000000,1.000000000000,,0.577620615723,,1
686,276075,276075,276075,-11197,,1783334485248112788,1783334485248400060,1783334485248400060,,1783334485248388863,1783334485248388863,,2,1.000000000000,1.000000000000,1.000000000000,,0.575710700808,,1
687,275660,275660,275660,-13077,,1783334485248231650,1783334485248520387,1783334485248520387,,1783334485248507310,1783334485248507310,,3,1.000000000000,1.000000000000,1.000000000000,,0.576188739048,,1
688,281997,281997,281997,-8865,,1783334485248349481,1783334485248640343,1783334485248640343,,1783334485248631478,1783334485248631478,,3,1.000000000000,1.000000000000,1.000000000000,,0.568932204762,,1
689,272843,272843,272843,-14066,,1783334485248468771,1783334485248755680,1783334485248755680,,1783334485248741614,1783334485248741614,,1,1.000000000000,1.000000000000,1.000000000000,,0.579444148281,,1
690,270789,270789,270789,-15035,,1783334485248589092,1783334485248874916,1783334485248874916,,1783334485248859881,1783334485248859881,,1,1.000000000000,1.000000000000,1.000000000000,,0.581829400796,,1
691,273135,273135,273135,-14205,,1783334485248708143,1783334485248995483,1783334485248995483,,1783334485248981278,1783334485248981278,,3,1.000000000000,1.000000000000,1.000000000000,,0.579105851691,,1
692,271162,271162,271162,-13655,,1783334485248828673,1783334485249113490,1783334485249113490,,1783334485249099835,1783334485249099835,,2,1.000000000000,1.000000000000,1.000000000000,,0.581395517922,,1
693,271497,271497,271497,-14635,,1783334485248951824,1783334485249237956,1783334485249237956,,1783334485249223321,1783334485249223321,,2,1.000000000000,1.000000000000,1.000000000000,,0.581006113390,,1
694,271293,271293,271293,-14745,,1783334485249069425,1783334485249355463,1783334485249355463,,1783334485249340718,1783334485249340718,,2,1.000000000000,1.000000000000,1.000000000000,,0.581243212249,,1
695,284638,284638,284638,-12775,,1783334485249191516,1783334485249488929,1783334485249488929,,1783334485249476154,1783334485249476154,,2,1.000000000000,1.000000000000,1.000000000000,,0.565935027370,,1
696,277244,277244,277244,-13455,,1783334485249310827,1783334485249601526,1783334485249601526,,1783334485249588071,1783334485249588071,,1,1.000000000000,1.000000000000,1.000000000000,,0.574366261452,,1
697,275340,275340,275340,-11184,,1783334485249430808,1783334485249717332,1783334485249717332,,1783334485249706148,1783334485249706148,,1,1.000000000000,1.000000000000,1.000000000000,,0.576557617870,,1
698,278116,278116,278116,-14496,,1783334485249550118,1783334485249842730,1783334485249842730,,1783334485249828234,1783334485249828234,,3,1.000000000000,1.000000000000,1.000000000000,,0.573365439662,,1
699,273652,273652,273652,-13326,,1783334485249663379,1783334485249950357,1783334485249950357,,1783334485249937031,1783334485249937031,,3,1.000000000000,1.000000000000,1.000000000000,,0.578507365710,,1
700,271469,271469,271469,-13825,,1783334485249783429,1783334485250068723,1783334485250068723,,1783334485250054898,1783334485250054898,,3,1.000000000000,1.000000000000,1.000000000000,,0.581038650643,,1
701,272945,272945,272945,-12965,,1783334485249906250,1783334485250192160,1783334485250192160,,1783334485250179195,1783334485250179195,,0,1.000000000000,1.000000000000,1.000000000000,,0.579325953731,,1
702,273960,273960,273960,-13325,,1783334485250024241,1783334485250311526,1783334485250311526,,1783334485250298201,1783334485250298201,,3,1.000000000000,1.000000000000,1.000000000000,,0.578151114910,,1
703,277706,277706,277706,-8455,,1783334485250142522,1783334485250428683,1783334485250428683,,1783334485250420228,1783334485250420228,,3,1.000000000000,1.000000000000,1.000000000000,,0.573835792141,,1
704,273152,273152,273152,-13404,,1783334485250265003,1783334485250551559,1783334485250551559,,1783334485250538155,1783334485250538155,,1,1.000000000000,1.000000000000,1.000000000000,,0.579086162426,,1
705,281600,281600,281600,-5322,,1783334485250385194,1783334485250672116,1783334485250672116,,1783334485250666794,1783334485250666794,,2,1.000000000000,1.000000000000,1.000000000000,,0.569384116318,,1
706,280149,280149,280149,-3692,,1783334485250502354,1783334485250786195,1783334485250786195,,1783334485250782503,1783334485250782503,,2,1.000000000000,1.000000000000,1.000000000000,,0.571038868908,,1
707,277358,277358,277358,-8521,,1783334485250619775,1783334485250905654,1783334485250905654,,1783334485250897133,1783334485250897133,,1,1.000000000000,1.000000000000,1.000000000000,,0.574235320872,,1
708,279226,279226,279226,-13111,,1783334485250741796,1783334485251034133,1783334485251034133,,1783334485251021022,1783334485251021022,,3,1.000000000000,1.000000000000,1.000000000000,,0.572093980228,,1
709,270696,270696,270696,-14839,,1783334485250862116,1783334485251147651,1783334485251147651,,1783334485251132812,1783334485251132812,,0,1.000000000000,1.000000000000,1.000000000000,,0.581937631130,,1
710,275154,275154,275154,-11668,,1783334485250987468,1783334485251274290,1783334485251274290,,1783334485251262622,1783334485251262622,,3,1.000000000000,1.000000000000,1.000000000000,,0.576772137202,,1
711,275412,275412,275412,-11138,,1783334485251107889,1783334485251394439,1783334485251394439,,1783334485251383301,1783334485251383301,,1,1.000000000000,1.000000000000,1.000000000000,,0.576474599550,,1
712,271262,271262,271262,-13927,,1783334485251227149,1783334485251512338,1783334485251512338,,1783334485251498411,1783334485251498411,,0,1.000000000000,1.000000000000,1.000000000000,,0.581279250445,,1
713,278961,278961,278961,-12065,,1783334485251344620,1783334485251635646,1783334485251635646,,1783334485251623581,1783334485251623581,,2,1.000000000000,1.000000000000,1.000000000000,,0.572397270403,,1
714,273121,273121,273121,-12374,,1783334485251462330,1783334485251747825,1783334485251747825,,1783334485251735451,1783334485251735451,,2,1.000000000000,1.000000000000,1.000000000000,,0.579122066881,,1
715,272379,272379,272379,-13204,,1783334485251579631,1783334485251865214,1783334485251865214,,1783334485251852010,1783334485251852010,,1,1.000000000000,1.000000000000,1.000000000000,,0.579982122032,,1
716,273598,273598,273598,-11753,,1783334485251697152,1783334485251982503,1783334485251982503,,1783334485251970750,1783334485251970750,,0,1.000000000000,1.000000000000,1.000000000000,,0.578569847880,,1
717,275888,275888,275888,-11711,,1783334485251814702,1783334485252102301,1783334485252102301,,1783334485252090590,1783334485252090590,,2,1.000000000000,1.000000000000,1.000000000000,,0.575926056879,,1
718,284105,284105,284105,-6371,,1783334485251937124,1783334485252227600,1783334485252227600,,1783334485252221229,1783334485252221229,,1,1.000000000000,1.000000000000,1.000000000000,,0.566538635776,,1
719,272434,272434,272434,-12330,,1783334485252054425,1783334485252339189,1783334485252339189,,1783334485252326859,1783334485252326859,,0,1.000000000000,1.000000000000,1.000000000000,,0.579918327507,,1
720,268793,268793,268793,-14220,,1783334485252172985,1783334485252455998,1783334485252455998,,1783334485252441778,1783334485252441778,,2,1.000000000000,1.000000000000,1.000000000000,,0.584156705975,,1
721,280142,280142,280142,-12878,,1783334485252292096,1783334485252585116,1783334485252585116,,1783334485252572238,1783334485252572238,,2,1.000000000000,1.000000000000,1.000000000000,,0.571046863508,,1
722,271460,271460,271460,-12628,,1783334485252412117,1783334485252696205,1783334485252696205,,1783334485252683577,1783334485252683577,,0,1.000000000000,1.000000000000,1.000000000000,,0.581049109433,,1
723,270920,270920,270920,-13327,,1783334485252534157,1783334485252818404,1783334485252818404,,1783334485252805077,1783334485252805077,,3,1.000000000000,1.000000000000,1.000000000000,,0.581676981461,,1
724,273098,273098,273098,-12018,,1783334485252658088,1783334485252943204,1783334485252943204,,1783334485252931186,1783334485252931186,,1,1.000000000000,1.000000000000,1.000000000000,,0.579148707109,,1
725,272687,272687,272687,-11686,,1783334485252778379,1783334485253062752,1783334485253062752,,1783334485253051066,1783334485253051066,,3,1.000000000000,1.000000000000,1.000000000000,,0.579624963061,,1
726,274836,274836,274836,-7115,,1783334485252900420,1783334485253182371,1783334485253182371,,1783334485253175256,1783334485253175256,,2,1.000000000000,1.000000000000,1.000000000000,,0.577139080957,,1
727,269344,269344,269344,-12745,,1783334485253038091,1783334485253320180,1783334485253320180,,1783334485253307435,1783334485253307435,,2,1.000000000000,1.000000000000,1.000000000000,,0.583513319856,,1
728,274633,274633,274633,-11973,,1783334485253155342,1783334485253441948,1783334485253441948,,1783334485253429975,1783334485253429975,,0,1.000000000000,1.000000000000,1.000000000000,,0.577373446997,,1
729,274212,274212,274212,-9193,,1783334485253275912,1783334485253559317,1783334485253559317,,1783334485253550124,1783334485253550124,,0,1.000000000000,1.000000000000,1.000000000000,,0.577859800165,,1
730,272591,272591,272591,-12012,,1783334485253394573,1783334485253679176,1783334485253679176,,1783334485253667164,1783334485253667164,,2,1.000000000000,1.000000000000,1.000000000000,,0.579736261738,,1
731,274060,274060,274060,-9002,,1783334485253513073,1783334485253796135,1783334485253796135,,1783334485253787133,1783334485253787133,,2,1.000000000000,1.000000000000,1.000000000000,,0.578035496249,,1
732,271668,271668,271668,-12110,,1783334485253631775,1783334485253915553,1783334485253915553,,1783334485253903443,1783334485253903443,,0,1.000000000000,1.000000000000,1.000000000000,,0.580807443274,,1
733,268866,268866,268866,-13640,,1783334485253751916,1783334485254034422,1783334485254034422,,1783334485254020782,1783334485254020782,,1,1.000000000000,1.000000000000,1.000000000000,,0.584071425321,,1
734,271856,271856,271856,-13239,,1783334485253869406,1783334485254154501,1783334485254154501,,1783334485254141262,1783334485254141262,,2,1.000000000000,1.000000000000,1.000000000000,,0.580589100726,,1
735,275585,275585,275585,-10788,,1783334485253986857,1783334485254273230,1783334485254273230,,1783334485254262442,1783334485254262442,,3,1.000000000000,1.000000000000,1.000000000000,,0.576275173842,,1
736,272083,272083,272083,-11667,,1783334485254106278,1783334485254390028,1783334485254390028,,1783334485254378361,1783334485254378361,,3,1.000000000000,1.000000000000,1.000000000000,,0.580325573099,,1
737,270373,270373,270373,-12816,,1783334485254225318,1783334485254508507,1783334485254508507,,1783334485254495691,1783334485254495691,,2,1.000000000000,1.000000000000,1.000000000000,,0.582313684292,,1
738,274552,274552,274552,-12525,,1783334485254345549,1783334485254632626,1783334485254632626,,1783334485254620101,1783334485254620101,,3,1.000000000000,1.000000000000,1.000000000000,,0.577466989072,,1
739,280971,280971,280971,-9964,,1783334485254464400,1783334485254755335,1783334485254755335,,1783334485254745371,1783334485254745371,,0,1.000000000000,1.000000000000,1.000000000000,,0.570100852269,,1
740,277059,277059,277059,-10783,,1783334485254585761,1783334485254873603,1783334485254873603,,1783334485254862820,1783334485254862820,,1,1.000000000000,1.000000000000,1.000000000000,,0.574578816289,,1
741,274358,274358,274358,-12752,,1783334485254704252,1783334485254991362,1783334485254991362,,1783334485254978610,1783334485254978610,,0,1.000000000000,1.000000000000,1.000000000000,,0.577691089737,,1
742,278826,278826,278826,-8732,,1783334485254826343,1783334485255113901,1783334485255113901,,1783334485255105169,1783334485255105169,,3,1.000000000000,1.000000000000,1.000000000000,,0.572551838531,,1
743,274456,274456,274456,-14421,,1783334485254945133,1783334485255234010,1783334485255234010,,1783334485255219589,1783334485255219589,,2,1.000000000000,1.000000000000,1.000000000000,,0.577577873378,,1
744,273325,273325,273325,-14689,,1783334485255070014,1783334485255358028,1783334485255358028,,1783334485255343339,1783334485255343339,,2,1.000000000000,1.000000000000,1.000000000000,,0.578885833273,,1
745,272443,272443,272443,-14519,,1783334485255191315,1783334485255478277,1783334485255478277,,1783334485255463758,1783334485255463758,,1,1.000000000000,1.000000000000,1.000000000000,,0.579907889071,,1
746,283863,283863,283863,-9828,,1783334485255311715,1783334485255605406,1783334485255605406,,1783334485255595578,1783334485255595578,,2,1.000000000000,1.000000000000,1.000000000000,,0.566812906844,,1
747,278001,278001,278001,-13937,,1783334485255431026,1783334485255722964,1783334485255722964,,1783334485255709027,1783334485255709027,,0,1.000000000000,1.000000000000,1.000000000000,,0.573497328880,,1
748,273499,273499,273499,-14387,,1783334485255552778,1783334485255840664,1783334485255840664,,1783334485255826277,1783334485255826277,,0,1.000000000000,1.000000000000,1.000000000000,,0.578684416052,,1
749,276328,276328,276328,-13897,,1783334485255673268,1783334485255963493,1783334485255963493,,1783334485255949596,1783334485255949596,,1,1.000000000000,1.000000000000,1.000000000000,,0.575419464883,,1
750,279407,279407,279407,-13576,,1783334485255793169,1783334485256086152,1783334485256086152,,1783334485256072576,1783334485256072576,,3,1.000000000000,1.000000000000,1.000000000000,,0.571886919688,,1
751,278795,278795,278795,-7795,,1783334485255910730,1783334485256197320,1783334485256197320,,1783334485256189525,1783334485256189525,,3,1.000000000000,1.000000000000,1.000000000000,,0.572587337846,,1
752,283875,283875,283875,-10554,,1783334485256027990,1783334485256322419,1783334485256322419,,1783334485256311865,1783334485256311865,,2,1.000000000000,1.000000000000,1.000000000000,,0.566799303497,,1
753,276214,276214,276214,-11833,,1783334485256144631,1783334485256432678,1783334485256432678,,1783334485256420845,1783334485256420845,,1,1.000000000000,1.000000000000,1.000000000000,,0.575550675478,,1
754,274552,274552,274552,-12983,,1783334485256263492,1783334485256551027,1783334485256551027,,1783334485256538044,1783334485256538044,,2,1.000000000000,1.000000000000,1.000000000000,,0.577466989072,,1
755,274501,274501,274501,-14082,,1783334485256386143,1783334485256674726,1783334485256674726,,1783334485256660644,1783334485256660644,,2,1.000000000000,1.000000000000,1.000000000000,,0.577525893709,,1
756,275589,275589,275589,-11631,,1783334485256508544,1783334485256795764,1783334485256795764,,1783334485256784133,1783334485256784133,,0,1.000000000000,1.000000000000,1.000000000000,,0.576270563659,,1
757,278018,278018,278018,-11300,,1783334485256629045,1783334485256918363,1783334485256918363,,1783334485256907063,1783334485256907063,,0,1.000000000000,1.000000000000,1.000000000000,,0.573477830302,,1
758,276857,276857,276857,-11060,,1783334485256749185,1783334485257037102,1783334485257037102,,1783334485257026042,1783334485257026042,,2,1.000000000000,1.000000000000,1.000000000000,,0.574810993027,,1
759,271036,271036,271036,-14639,,1783334485256866556,1783334485257152231,1783334485257152231,,1783334485257137592,1783334485257137592,,3,1.000000000000,1.000000000000,1.000000000000,,0.581542048054,,1
760,271465,271465,271465,-14838,,1783334485256984046,1783334485257270349,1783334485257270349,,1783334485257255511,1783334485257255511,,2,1.000000000000,1.000000000000,1.000000000000,,0.581043298971,,1
761,275634,275634,275634,-13937,,1783334485257106817,1783334485257396388,1783334485257396388,,1783334485257382451,1783334485257382451,,1,1.000000000000,1.000000000000,1.000000000000,,0.576218701642,,1
762,276052,276052,276052,-12746,,1783334485257232079,1783334485257520877,1783334485257520877,,1783334485257508131,1783334485257508131,,1,1.000000000000,1.000000000000,1.000000000000,,0.575737184110,,1
763,276852,276852,276852,-14124,,1783334485257351679,1783334485257642655,1783334485257642655,,1783334485257628531,1783334485257628531,,3,1.000000000000,1.000000000000,1.000000000000,,0.574816741166,,1
764,273711,273711,273711,-14043,,1783334485257470820,1783334485257758574,1783334485257758574,,1783334485257744531,1783334485257744531,,1,1.000000000000,1.000000000000,1.000000000000,,0.578439105869,,1
765,270949,270949,270949,-15353,,1783334485257596521,1783334485257882823,1783334485257882823,,1783334485257867470,1783334485257867470,,0,1.000000000000,1.000000000000,1.000000000000,,0.581643245175,,1
766,278249,278249,278249,-8702,,1783334485257718481,1783334485258005432,1783334485258005432,,1783334485257996730,1783334485257996730,,0,1.000000000000,1.000000000000,1.000000000000,,0.573212944738,,1
767,276257,276257,276257,-12991,,1783334485257835902,1783334485258125150,1783334485258125150,,1783334485258112159,1783334485258112159,,2,1.000000000000,1.000000000000,1.000000000000,,0.575501180248,,1
768,272516,272516,272516,-14730,,1783334485257953343,1783334485258240589,1783334485258240589,,1783334485258225859,1783334485258225859,,2,1.000000000000,1.000000000000,1.000000000000,,0.579823228700,,1
769,272225,272225,272225,-14340,,1783334485258070783,1783334485258357348,1783334485258357348,,1783334485258343008,1783334485258343008,,3,1.000000000000,1.000000000000,1.000000000000,,0.580160784038,,1
770,272283,272283,272283,-14299,,1783334485258189865,1783334485258476447,1783334485258476447,,1783334485258462148,1783334485258462148,,0,1.000000000000,1.000000000000,1.000000000000,,0.580093489290,,1
771,281542,281542,281542,-12438,,1783334485258310336,1783334485258604316,1783334485258604316,,1783334485258591878,1783334485258591878,,0,1.000000000000,1.000000000000,1.000000000000,,0.569450168706,,1
772,273381,273381,273381,-13797,,1783334485258433166,1783334485258720344,1783334485258720344,,1783334485258706547,1783334485258706547,,3,1.000000000000,1.000000000000,1.000000000000,,0.578821001690,,1
773,272030,272030,272030,-15127,,1783334485258551627,1783334485258838784,1783334485258838784,,1783334485258823657,1783334485258823657,,0,1.000000000000,1.000000000000,1.000000000000,,0.580387090871,,1
774,273358,273358,273358,-12287,,1783334485258670558,1783334485258956203,1783334485258956203,,1783334485258943916,1783334485258943916,,0,1.000000000000,1.000000000000,1.000000000000,,0.578847628069,,1
775,275748,275748,275748,-12756,,1783334485258788468,1783334485259076972,1783334485259076972,,1783334485259064216,1783334485259064216,,2,1.000000000000,1.000000000000,1.000000000000,,0.576087338754,,1
776,274766,274766,274766,-11895,,1783334485258911699,1783334485259198360,1783334485259198360,,1783334485259186465,1783334485259186465,,1,1.000000000000,1.000000000000,1.000000000000,,0.577219886085,,1
777,276155,276155,276155,-14164,,1783334485259029530,1783334485259319849,1783334485259319849,,1783334485259305685,1783334485259305685,,3,1.000000000000,1.000000000000,1.000000000000,,0.575618594465,,1
778,277273,277273,277273,-13344,,1783334485259148851,1783334485259439468,1783334485259439468,,1783334485259426124,1783334485259426124,,3,1.000000000000,1.000000000000,1.000000000000,,0.574332949175,,1
779,278232,278232,278232,-10693,,1783334485259271202,1783334485259560127,1783334485259560127,,1783334485259549434,1783334485259549434,,0,1.000000000000,1.000000000000,1.000000000000,,0.573232434309,,1
780,275771,275771,275771,-13151,,1783334485259393533,1783334485259682455,1783334485259682455,,1783334485259669304,1783334485259669304,,2,1.000000000000,1.000000000000,1.000000000000,,0.576060839346,,1
781,273890,273890,273890,-13951,,1783334485259512023,1783334485259799864,1783334485259799864,,1783334485259785913,1783334485259785913,,3,1.000000000000,1.000000000000,1.000000000000,,0.578232061732,,1
782,279809,279809,279809,-13510,,1783334485259632164,1783334485259925483,1783334485259925483,,1783334485259911973,1783334485259911973,,3,1.000000000000,1.000000000000,1.000000000000,,0.571427307393,,1
783,272067,272067,272067,-14480,,1783334485259750995,1783334485260037542,1783334485260037542,,1783334485260023062,1783334485260023062,,2,1.000000000000,1.000000000000,1.000000000000,,0.580344143815,,1
784,277107,277107,277107,-9388,,1783334485259868445,1783334485260154940,1783334485260154940,,1783334485260145552,1783334485260145552,,0,1.000000000000,1.000000000000,1.000000000000,,0.574523659370,,1
785,270984,270984,270984,-14958,,1783334485259991837,1783334485260277779,1783334485260277779,,1783334485260262821,1783334485260262821,,2,1.000000000000,1.000000000000,1.000000000000,,0.581602531572,,1
786,279393,279393,279393,-11437,,1783334485260109728,1783334485260400558,1783334485260400558,,1783334485260389121,1783334485260389121,,2,1.000000000000,1.000000000000,1.000000000000,,0.571902932746,,1
787,272752,272752,272752,-14847,,1783334485260233118,1783334485260520717,1783334485260520717,,1783334485260505870,1783334485260505870,,3,1.000000000000,1.000000000000,1.000000000000,,0.579549616713,,1
788,277922,277922,277922,-11314,,1783334485260355889,1783334485260645125,1783334485260645125,,1783334485260633811,1783334485260633811,,0,1.000000000000,1.000000000000,1.000000000000,,0.573587948617,,1
789,276411,276411,276411,-12683,,1783334485260476040,1783334485260765134,1783334485260765134,,1783334485260752451,1783334485260752451,,0,1.000000000000,1.000000000000,1.000000000000,,0.575323953179,,1
790,276880,276880,276880,-11963,,1783334485260594500,1783334485260883343,1783334485260883343,,1783334485260871380,1783334485260871380,,1,1.000000000000,1.000000000000,1.000000000000,,0.574784552330,,1
791,274429,274429,274429,-11752,,1783334485260714201,1783334485261000382,1783334485261000382,,1783334485260988630,1783334485260988630,,3,1.000000000000,1.000000000000,1.000000000000,,0.577609063426,,1
792,273267,273267,273267,-13091,,1783334485260831722,1783334485261118080,1783334485261118080,,1783334485261104989,1783334485261104989,,1,1.000000000000,1.000000000000,1.000000000000,,0.578952987925,,1
793,274746,274746,274746,-14440,,1783334485260954373,1783334485261243559,1783334485261243559,,1783334485261229119,1783334485261229119,,3,1.000000000000,1.000000000000,1.000000000000,,0.577242975342,,1
794,273584,273584,273584,-14340,,1783334485261072004,1783334485261359928,1783334485261359928,,1783334485261345588,1783334485261345588,,1,1.000000000000,1.000000000000,1.000000000000,,0.578586048062,,1
795,274743,274743,274743,-12649,,1783334485261194535,1783334485261481927,1783334485261481927,,1783334485261469278,1783334485261469278,,3,1.000000000000,1.000000000000,1.000000000000,,0.577246438810,,1
796,283062,283062,283062,-10908,,1783334485261314945,1783334485261608915,1783334485261608915,,1783334485261598007,1783334485261598007,,1,1.000000000000,1.000000000000,1.000000000000,,0.567721668844,,1
797,278951,278951,278951,-12597,,1783334485261433536,1783334485261725084,1783334485261725084,,1783334485261712487,1783334485261712487,,3,1.000000000000,1.000000000000,1.000000000000,,0.572408718462,,1
798,276370,276370,276370,-13337,,1783334485261553637,1783334485261843344,1783334485261843344,,1783334485261830007,1783334485261830007,,2,1.000000000000,1.000000000000,1.000000000000,,0.575371131678,,1
799,272549,272549,272549,-14257,,1783334485261672147,1783334485261958953,1783334485261958953,,1783334485261944696,1783334485261944696,,2,1.000000000000,1.000000000000,1.000000000000,,0.579784961629,,1
800,273967,273967,273967,-14715,,1783334485261792429,1783334485262081111,1783334485262081111,,1783334485262066396,1783334485262066396,,3,1.000000000000,1.000000000000,1.000000000000,,0.578143020851,,1
801,277976,277976,277976,-10305,,1783334485261909909,1783334485262198190,1783334485262198190,,1783334485262187885,1783334485262187885,,0,1.000000000000,1.000000000000,1.000000000000,,0.573526004463,,1
802,280365,280365,280365,-12724,,1783334485262033640,1783334485262326729,1783334485262326729,,1783334485262314005,1783334485262314005,,3,1.000000000000,1.000000000000,1.000000000000,,0.570792233394,,1
803,274973,274973,274973,-14143,,1783334485262150681,1783334485262439797,1783334485262439797,,1783334485262425654,1783334485262425654,,0,1.000000000000,1.000000000000,1.000000000000,,0.576980966511,,1
804,282823,282823,282823,-7442,,1783334485262274071,1783334485262564336,1783334485262564336,,1783334485262556894,1783334485262556894,,3,1.000000000000,1.000000000000,1.000000000000,,0.567993104670,,1
805,276741,276741,276741,-13802,,1783334485262394312,1783334485262684855,1783334485262684855,,1783334485262671053,1783334485262671053,,0,1.000000000000,1.000000000000,1.000000000000,,0.574944364648,,1
806,279850,279850,279850,-6921,,1783334485262513493,1783334485262800264,1783334485262800264,,1783334485262793343,1783334485262793343,,3,1.000000000000,1.000000000000,1.000000000000,,0.571380452275,,1
807,275860,275860,275860,-12589,,1783334485262632123,1783334485262920572,1783334485262920572,,1783334485262907983,1783334485262907983,,1,1.000000000000,1.000000000000,1.000000000000,,0.575958309642,,1
808,275857,275857,275857,-14359,,1783334485262750685,1783334485263040901,1783334485263040901,,1783334485263026542,1783334485263026542,,3,1.000000000000,1.000000000000,1.000000000000,,0.575961765402,,1
809,271826,271826,271826,-13978,,1783334485262869416,1783334485263155220,1783334485263155220,,1783334485263141242,1783334485263141242,,1,1.000000000000,1.000000000000,1.000000000000,,0.580623937117,,1
810,270655,270655,270655,-15238,,1783334485262986966,1783334485263272859,1783334485263272859,,1783334485263257621,1783334485263257621,,3,1.000000000000,1.000000000000,1.000000000000,,0.581985351972,,1
811,274124,274124,274124,-14656,,1783334485263104437,1783334485263393217,1783334485263393217,,1783334485263378561,1783334485263378561,,0,1.000000000000,1.000000000000,1.000000000000,,0.577961512440,,1
812,272832,272832,272832,-14516,,1783334485263224468,1783334485263511816,1783334485263511816,,1783334485263497300,1783334485263497300,,1,1.000000000000,1.000000000000,1.000000000000,,0.579456896192,,1
813,278643,278643,278643,-12934,,1783334485263344688,1783334485263636265,1783334485263636265,,1783334485263623331,1783334485263623331,,1,1.000000000000,1.000000000000,1.000000000000,,0.572761430857,,1
814,277781,277781,277781,-13144,,1783334485263465059,1783334485263755984,1783334485263755984,,1783334485263742840,1783334485263742840,,0,1.000000000000,1.000000000000,1.000000000000,,0.573749723227,,1
815,276389,276389,276389,-12942,,1783334485263587441,1783334485263876772,1783334485263876772,,1783334485263863830,1783334485263863830,,0,1.000000000000,1.000000000000,1.000000000000,,0.575349267990,,1
816,275549,275549,275549,-12291,,1783334485263707671,1783334485263995511,1783334485263995511,,1783334485263983220,1783334485263983220,,1,1.000000000000,1.000000000000,1.000000000000,,0.576316667148,,1
817,282787,282787,282787,-8011,,1783334485263829702,1783334485264120500,1783334485264120500,,1783334485264112489,1783334485264112489,,3,1.000000000000,1.000000000000,1.000000000000,,0.568034001646,,1
818,275316,275316,275316,-14320,,1783334485263949063,1783334485264238699,1783334485264238699,,1783334485264224379,1783334485264224379,,0,1.000000000000,1.000000000000,1.000000000000,,0.576585293300,,1
819,274295,274295,274295,-13919,,1783334485264072123,1783334485264360337,1783334485264360337,,1783334485264346418,1783334485264346418,,1,1.000000000000,1.000000000000,1.000000000000,,0.577763883400,,1
820,277344,277344,277344,-12108,,1783334485264194994,1783334485264484446,1783334485264484446,,1783334485264472338,1783334485264472338,,3,1.000000000000,1.000000000000,1.000000000000,,0.574251399686,,1
821,280222,280222,280222,-13398,,1783334485264315245,1783334485264608865,1783334485264608865,,1783334485264595467,1783334485264595467,,1,1.000000000000,1.000000000000,1.000000000000,,0.570955503319,,1
822,279551,279551,279551,-11377,,1783334485264434466,1783334485264725394,1783334485264725394,,1783334485264714017,1783334485264714017,,2,1.000000000000,1.000000000000,1.000000000000,,0.571722239970,,1
823,279359,279359,279359,-9617,,1783334485264557937,1783334485264846913,1783334485264846913,,1783334485264837296,1783334485264837296,,1,1.000000000000,1.000000000000,1.000000000000,,0.571941823467,,1
824,276188,276188,276188,-14636,,1783334485264676678,1783334485264967502,1783334485264967502,,1783334485264952866,1783334485264952866,,0,1.000000000000,1.000000000000,1.000000000000,,0.575580604891,,1
825,274068,274068,274068,-14065,,1783334485264797138,1783334485265085271,1783334485265085271,,1783334485265071206,1783334485265071206,,0,1.000000000000,1.000000000000,1.000000000000,,0.578026247755,,1
826,275586,275586,275586,-13695,,1783334485264914999,1783334485265204280,1783334485265204280,,1783334485265190585,1783334485265190585,,3,1.000000000000,1.000000000000,1.000000000000,,0.576274021292,,1
827,273145,273145,273145,-14003,,1783334485265032600,1783334485265319748,1783334485265319748,,1783334485265305745,1783334485265305745,,3,1.000000000000,1.000000000000,1.000000000000,,0.579094269689,,1
828,275424,275424,275424,-13533,,1783334485265152330,1783334485265441287,1783334485265441287,,1783334485265427754,1783334485265427754,,0,1.000000000000,1.000000000000,1.000000000000,,0.576460764326,,1
829,280233,280233,280233,-7812,,1783334485265271411,1783334485265559456,1783334485265559456,,1783334485265551644,1783334485265551644,,0,1.000000000000,1.000000000000,1.000000000000,,0.570942942436,,1
830,280960,280960,280960,-11092,,1783334485265391953,1783334485265684005,1783334485265684005,,1783334485265672913,1783334485265672913,,0,1.000000000000,1.000000000000,1.000000000000,,0.570113394625,,1
831,277390,277390,277390,-11700,,1783334485265513103,1783334485265802193,1783334485265802193,,1783334485265790493,1783334485265790493,,3,1.000000000000,1.000000000000,1.000000000000,,0.574198570987,,1
832,275458,275458,275458,-14560,,1783334485265632674,1783334485265922692,1783334485265922692,,1783334485265908132,1783334485265908132,,3,1.000000000000,1.000000000000,1.000000000000,,0.576421566327,,1
833,283827,283827,283827,-14449,,1783334485265752015,1783334485266050291,1783334485266050291,,1783334485266035842,1783334485266035842,,3,1.000000000000,1.000000000000,1.000000000000,,0.566853718842,,1
834,286907,286907,286907,-9808,,1783334485265871815,1783334485266168530,1783334485266168530,,1783334485266158722,1783334485266158722,,0,1.000000000000,1.000000000000,1.000000000000,,0.563372632687,,1
835,277605,277605,277605,-13677,,1783334485265993276,1783334485266284558,1783334485266284558,,1783334485266270881,1783334485266270881,,0,1.000000000000,1.000000000000,1.000000000000,,0.573951718679,,1
836,277335,277335,277335,-11956,,1783334485266118346,1783334485266407637,1783334485266407637,,1783334485266395681,1783334485266395681,,0,1.000000000000,1.000000000000,1.000000000000,,0.574261736304,,1
837,281632,281632,281632,-11546,,1783334485266239148,1783334485266532326,1783334485266532326,,1783334485266520780,1783334485266520780,,1,1.000000000000,1.000000000000,1.000000000000,,0.569347676900,,1
838,280302,280302,280302,-10954,,1783334485266361509,1783334485266652765,1783334485266652765,,1783334485266641811,1783334485266641811,,3,1.000000000000,1.000000000000,1.000000000000,,0.570864157746,,1
839,275321,275321,275321,-13033,,1783334485266484449,1783334485266772803,1783334485266772803,,1783334485266759770,1783334485266759770,,3,1.000000000000,1.000000000000,1.000000000000,,0.576579527476,,1
840,277010,277010,277010,-10832,,1783334485266603230,1783334485266891072,1783334485266891072,,1783334485266880240,1783334485266880240,,3,1.000000000000,1.000000000000,1.000000000000,,0.574635127772,,1
841,276318,276318,276318,-11062,,1783334485266723571,1783334485267010951,1783334485267010951,,1783334485266999889,1783334485266999889,,1,1.000000000000,1.000000000000,1.000000000000,,0.575430973387,,1
842,273368,273368,273368,-14161,,1783334485266841111,1783334485267128640,1783334485267128640,,1783334485267114479,1783334485267114479,,3,1.000000000000,1.000000000000,1.000000000000,,0.578836051232,,1
843,272617,272617,272617,-14539,,1783334485266958732,1783334485267245888,1783334485267245888,,1783334485267231349,1783334485267231349,,2,1.000000000000,1.000000000000,1.000000000000,,0.579706116236,,1
844,277405,277405,277405,-13409,,1783334485267076713,1783334485267367527,1783334485267367527,,1783334485267354118,1783334485267354118,,0,1.000000000000,1.000000000000,1.000000000000,,0.574181345289,,1
845,274534,274534,274534,-14478,,1783334485267196354,1783334485267485366,1783334485267485366,,1783334485267470888,1783334485267470888,,0,1.000000000000,1.000000000000,1.000000000000,,0.577487778258,,1
846,284842,284842,284842,-11878,,1783334485267315415,1783334485267612135,1783334485267612135,,1783334485267600257,1783334485267600257,,3,1.000000000000,1.000000000000,1.000000000000,,0.565704172977,,1
847,275501,275501,275501,-13006,,1783334485267434576,1783334485267723083,1783334485267723083,,1783334485267710077,1783334485267710077,,2,1.000000000000,1.000000000000,1.000000000000,,0.576371996204,,1
848,275840,275840,275840,-14297,,1783334485267553786,1783334485267843923,1783334485267843923,,1783334485267829626,1783334485267829626,,1,1.000000000000,1.000000000000,1.000000000000,,0.575981348435,,1
849,275069,275069,275069,-12386,,1783334485267672507,1783334485267959962,1783334485267959962,,1783334485267947576,1783334485267947576,,1,1.000000000000,1.000000000000,1.000000000000,,0.576870196800,,1
850,276668,276668,276668,-9826,,1783334485267789937,1783334485268076431,1783334485268076431,,1783334485268066605,1783334485268066605,,3,1.000000000000,1.000000000000,1.000000000000,,0.575028312653,,1
851,283497,283497,283497,-4665,,1783334485267907878,1783334485268196040,1783334485268196040,,1783334485268191375,1783334485268191375,,2,1.000000000000,1.000000000000,1.000000000000,,0.567227965784,,1
852,284576,284576,284576,-11693,,1783334485268025709,1783334485268321978,1783334485268321978,,1783334485268310285,1783334485268310285,,0,1.000000000000,1.000000000000,1.000000000000,,0.566005207665,,1
853,279344,279344,279344,-11723,,1783334485268148080,1783334485268439147,1783334485268439147,,1783334485268427424,1783334485268427424,,1,1.000000000000,1.000000000000,1.000000000000,,0.571958981979,,1
854,279963,279963,279963,-8302,,1783334485268267331,1783334485268555596,1783334485268555596,,1783334485268547294,1783334485268547294,,2,1.000000000000,1.000000000000,1.000000000000,,0.571251334884,,1
855,278331,278331,278331,-13701,,1783334485268388222,1783334485268680254,1783334485268680254,,1783334485268666553,1783334485268666553,,1,1.000000000000,1.000000000000,1.000000000000,,0.573118945523,,1
856,274011,274011,274011,-13650,,1783334485268507562,1783334485268795223,1783334485268795223,,1783334485268781573,1783334485268781573,,2,1.000000000000,1.000000000000,1.000000000000,,0.578092146503,,1
857,273909,273909,273909,-13650,,1783334485268627843,1783334485268915402,1783334485268915402,,1783334485268901752,1783334485268901752,,3,1.000000000000,1.000000000000,1.000000000000,,0.578210089331,,1
858,273168,273168,273168,-14119,,1783334485268746224,1783334485269033511,1783334485269033511,,1783334485269019392,1783334485269019392,,2,1.000000000000,1.000000000000,1.000000000000,,0.579067631966,,1
859,275528,275528,275528,-14078,,1783334485268864834,1783334485269154440,1783334485269154440,,1783334485269140362,1783334485269140362,,0,1.000000000000,1.000000000000,1.000000000000,,0.576340872956,,1
860,275775,275775,275775,-12497,,1783334485268986206,1783334485269274478,1783334485269274478,,1783334485269261981,1783334485269261981,,1,1.000000000000,1.000000000000,1.000000000000,,0.576056230877,,1
861,275265,275265,275265,-14056,,1783334485269103886,1783334485269393207,1783334485269393207,,1783334485269379151,1783334485269379151,,0,1.000000000000,1.000000000000,1.000000000000,,0.576644107999,,1
862,278343,278343,278343,-13466,,1783334485269232697,1783334485269524506,1783334485269524506,,1783334485269511040,1783334485269511040,,2,1.000000000000,1.000000000000,1.000000000000,,0.573105190833,,1
863,284233,284233,284233,-13923,,1783334485269352178,1783334485269650334,1783334485269650334,,1783334485269636411,1783334485269636411,,1,1.000000000000,1.000000000000,1.000000000000,,0.566393620448,,1
864,273462,273462,273462,-14183,,1783334485269475318,1783334485269762963,1783334485269762963,,1783334485269748780,1783334485269748780,,3,1.000000000000,1.000000000000,1.000000000000,,0.578727240283,,1
865,272391,272391,272391,-15002,,1783334485269599739,1783334485269887132,1783334485269887132,,1783334485269872130,1783334485269872130,,1,1.000000000000,1.000000000000,1.000000000000,,0.579968202628,,1
866,273709,273709,273709,-14392,,1783334485269720260,1783334485270008361,1783334485270008361,,1783334485269993969,1783334485269993969,,2,1.000000000000,1.000000000000,1.000000000000,,0.578441419630,,1
867,274198,274198,274198,-13000,,1783334485269843661,1783334485270130859,1783334485270130859,,1783334485270117859,1783334485270117859,,1,1.000000000000,1.000000000000,1.000000000000,,0.577875980466,,1
868,276076,276076,276076,-12460,,1783334485269966272,1783334485270254808,1783334485270254808,,1783334485270242348,1783334485270242348,,3,1.000000000000,1.000000000000,1.000000000000,,0.575709549388,,1
869,274425,274425,274425,-14539,,1783334485270084253,1783334485270373217,1783334485270373217,,1783334485270358678,1783334485270358678,,3,1.000000000000,1.000000000000,1.000000000000,,0.577613684317,,1
870,275215,275215,275215,-12167,,1783334485270206433,1783334485270493815,1783334485270493815,,1783334485270481648,1783334485270481648,,1,1.000000000000,1.000000000000,1.000000000000,,0.576701775293,,1
871,282823,282823,282823,-11227,,1783334485270323784,1783334485270617834,1783334485270617834,,1783334485270606607,1783334485270606607,,2,1.000000000000,1.000000000000,1.000000000000,,0.567993104670,,1
872,278312,278312,278312,-13306,,1783334485270439785,1783334485270731403,1783334485270731403,,1783334485270718097,1783334485270718097,,2,1.000000000000,1.000000000000,1.000000000000,,0.573140724457,,1
873,280691,280691,280691,-13007,,1783334485270560145,1783334485270853843,1783334485270853843,,1783334485270840836,1783334485270840836,,2,1.000000000000,1.000000000000,1.000000000000,,0.570420198154,,1
874,277510,277510,277510,-13715,,1783334485270679356,1783334485270970581,1783334485270970581,,1783334485270956866,1783334485270956866,,1,1.000000000000,1.000000000000,1.000000000000,,0.574060779866,,1
875,276487,276487,276487,-13185,,1783334485270796938,1783334485271086610,1783334485271086610,,1783334485271073425,1783334485271073425,,2,1.000000000000,1.000000000000,1.000000000000,,0.575236510584,,1
876,278197,278197,278197,-13514,,1783334485270917568,1783334485271209279,1783334485271209279,,1783334485271195765,1783334485271195765,,0,1.000000000000,1.000000000000,1.000000000000,,0.573272561984,,1
877,275285,275285,275285,-14424,,1783334485271044979,1783334485271334688,1783334485271334688,,1783334485271320264,1783334485271320264,,2,1.000000000000,1.000000000000,1.000000000000,,0.576621042696,,1
878,279064,279064,279064,-14362,,1783334485271164030,1783334485271457456,1783334485271457456,,1783334485271443094,1783334485271443094,,1,1.000000000000,1.000000000000,1.000000000000,,0.572279368709,,1
879,291054,291054,291054,-7011,,1783334485271282940,1783334485271581005,1783334485271581005,,1783334485271573994,1783334485271573994,,1,1.000000000000,1.000000000000,1.000000000000,,0.558719343935,,1
880,282462,282462,282462,-12131,,1783334485271401551,1783334485271696144,1783334485271696144,,1783334485271684013,1783334485271684013,,0,1.000000000000,1.000000000000,1.000000000000,,0.568403343770,,1
881,276811,276811,276811,-12840,,1783334485271522342,1783334485271811993,1783334485271811993,,1783334485271799153,1783334485271799153,,3,1.000000000000,1.000000000000,1.000000000000,,0.574863878071,,1
882,274959,274959,274959,-13909,,1783334485271644753,1783334485271933621,1783334485271933621,,1783334485271919712,1783334485271919712,,3,1.000000000000,1.000000000000,1.000000000000,,0.576997122205,,1
883,281128,281128,281128,-8898,,1783334485271762864,1783334485272052890,1783334485272052890,,1783334485272043992,1783334485272043992,,3,1.000000000000,1.000000000000,1.000000000000,,0.569921868703,,1
884,276836,276836,276836,-11918,,1783334485271883805,1783334485272172559,1783334485272172559,,1783334485272160641,1783334485272160641,,0,1.000000000000,1.000000000000,1.000000000000,,0.574835135596,,1
885,297496,297496,297496,-996,,1783334485272010565,1783334485272309057,1783334485272309057,,1783334485272308061,1783334485272308061,,3,1.000000000000,1.000000000000,1.000000000000,,0.551566978386,,1
886,279634,279634,279634,-11216,,1783334485272134166,1783334485272425016,1783334485272425016,,1783334485272413800,1783334485272413800,,0,1.000000000000,1.000000000000,1.000000000000,,0.571627341955,,1
887,279163,279163,279163,-11695,,1783334485272254567,1783334485272545425,1783334485272545425,,1783334485272533730,1783334485272533730,,3,1.000000000000,1.000000000000,1.000000000000,,0.572166068611,,1
888,279264,279264,279264,-12693,,1783334485272374797,1783334485272666754,1783334485272666754,,1783334485272654061,1783334485272654061,,3,1.000000000000,1.000000000000,1.000000000000,,0.572050502738,,1
889,276842,276842,276842,-13902,,1783334485272495168,1783334485272785912,1783334485272785912,,1783334485272772010,1783334485272772010,,1,1.000000000000,1.000000000000,1.000000000000,,0.574828237616,,1
890,280410,280410,280410,-8901,,1783334485272615450,1783334485272904761,1783334485272904761,,1783334485272895860,1783334485272895860,,2,1.000000000000,1.000000000000,1.000000000000,,0.570740864404,,1
891,280109,280109,280109,-11311,,1783334485272733430,1783334485273024850,1783334485273024850,,1783334485273013539,1783334485273013539,,3,1.000000000000,1.000000000000,1.000000000000,,0.571084553845,,1
892,276428,276428,276428,-12810,,1783334485272851971,1783334485273141209,1783334485273141209,,1783334485273128399,1783334485273128399,,1,1.000000000000,1.000000000000,1.000000000000,,0.575304392497,,1
893,276116,276116,276116,-15040,,1783334485272969612,1783334485273260768,1783334485273260768,,1783334485273245728,1783334485273245728,,3,1.000000000000,1.000000000000,1.000000000000,,0.575663494466,,1
894,280176,280176,280176,-14308,,1783334485273092462,1783334485273386946,1783334485273386946,,1783334485273372638,1783334485273372638,,0,1.000000000000,1.000000000000,1.000000000000,,0.571008033642,,1
895,277664,277664,277664,-14428,,1783334485273211583,1783334485273503675,1783334485273503675,,1783334485273489247,1783334485273489247,,0,1.000000000000,1.000000000000,1.000000000000,,0.573883996372,,1
896,283643,283643,283643,-11467,,1783334485273331864,1783334485273626974,1783334485273626974,,1783334485273615507,1783334485273615507,,3,1.000000000000,1.000000000000,1.000000000000,,0.567062359398,,1
897,276312,276312,276312,-13856,,1783334485273452065,1783334485273742233,1783334485273742233,,1783334485273728377,1783334485273728377,,1,1.000000000000,1.000000000000,1.000000000000,,0.575437878600,,1
898,276380,276380,276380,-14046,,1783334485273570576,1783334485273861002,1783334485273861002,,1783334485273846956,1783334485273846956,,2,1.000000000000,1.000000000000,1.000000000000,,0.575359624370,,1
899,274199,274199,274199,-14395,,1783334485273688317,1783334485273976911,1783334485273976911,,1783334485273962516,1783334485273962516,,2,1.000000000000,1.000000000000,1.000000000000,,0.577874824715,,1
900,271698,271698,271698,-14325,,1783334485273807447,1783334485274093470,1783334485274093470,,1783334485274079145,1783334485274079145,,0,1.000000000000,1.000000000000,1.000000000000,,0.580772595872,,1
901,273347,273347,273347,-13624,,1783334485273925098,1783334485274212069,1783334485274212069,,1783334485274198445,1783334485274198445,,2,1.000000000000,1.000000000000,1.000000000000,,0.578860362857,,1
902,277035,277035,277035,-11893,,1783334485274042549,1783334485274331477,1783334485274331477,,1783334485274319584,1783334485274319584,,0,1.000000000000,1.000000000000,1.000000000000,,0.574606396734,,1
903,272575,272575,272575,-14102,,1783334485274160089,1783334485274446766,1783334485274446766,,1783334485274432664,1783334485274432664,,0,1.000000000000,1.000000000000,1.000000000000,,0.579754813595,,1
904,280454,280454,280454,-5741,,1783334485274278000,1783334485274564195,1783334485274564195,,1783334485274558454,1783334485274558454,,1,1.000000000000,1.000000000000,1.000000000000,,0.570690641418,,1
905,274302,274302,274302,-14441,,1783334485274395341,1783334485274684084,1783334485274684084,,1783334485274669643,1783334485274669643,,3,1.000000000000,1.000000000000,1.000000000000,,0.577755794762,,1
906,273331,273331,273331,-14080,,1783334485274513162,1783334485274800573,1783334485274800573,,1783334485274786493,1783334485274786493,,2,1.000000000000,1.000000000000,1.000000000000,,0.578878886685,,1
907,277269,277269,277269,-12229,,1783334485274631393,1783334485274920891,1783334485274920891,,1783334485274908662,1783334485274908662,,1,1.000000000000,1.000000000000,1.000000000000,,0.574337543857,,1
908,276249,276249,276249,-12048,,1783334485274753293,1783334485275041590,1783334485275041590,,1783334485275029542,1783334485275029542,,0,1.000000000000,1.000000000000,1.000000000000,,0.575510388341,,1
909,278777,278777,278777,-12058,,1783334485274876054,1783334485275166889,1783334485275166889,,1783334485275154831,1783334485275154831,,0,1.000000000000,1.000000000000,1.000000000000,,0.572607951361,,1
910,277936,277936,277936,-13787,,1783334485274994955,1783334485275286678,1783334485275286678,,1783334485275272891,1783334485275272891,,3,1.000000000000,1.000000000000,1.000000000000,,0.573571888379,,1
911,276985,276985,276985,-10786,,1783334485275118225,1783334485275405996,1783334485275405996,,1783334485275395210,1783334485275395210,,0,1.000000000000,1.000000000000,1.000000000000,,0.574663860247,,1
912,274243,274243,274243,-12555,,1783334485275241217,1783334485275528015,1783334485275528015,,1783334485275515460,1783334485275515460,,0,1.000000000000,1.000000000000,1.000000000000,,0.577823973968,,1
913,282752,282752,282752,-10274,,1783334485275359948,1783334485275652974,1783334485275652974,,1783334485275642700,1783334485275642700,,1,1.000000000000,1.000000000000,1.000000000000,,0.568073765418,,1
914,273952,273952,273952,-13333,,1783334485275477668,1783334485275764953,1783334485275764953,,1783334485275751620,1783334485275751620,,1,1.000000000000,1.000000000000,1.000000000000,,0.578160365402,,1
915,274171,274171,274171,-13281,,1783334485275594899,1783334485275882351,1783334485275882351,,1783334485275869070,1783334485275869070,,0,1.000000000000,1.000000000000,1.000000000000,,0.577907186612,,1
916,283549,283549,283549,-4841,,1783334485275712950,1783334485276001340,1783334485276001340,,1783334485275996499,1783334485275996499,,1,1.000000000000,1.000000000000,1.000000000000,,0.567168977143,,1
917,276309,276309,276309,-14530,,1783334485275835480,1783334485276126319,1783334485276126319,,1783334485276111789,1783334485276111789,,1,1.000000000000,1.000000000000,1.000000000000,,0.575441331238,,1
918,277637,277637,277637,-12670,,1783334485275954441,1783334485276244748,1783334485276244748,,1783334485276232078,1783334485276232078,,3,1.000000000000,1.000000000000,1.000000000000,,0.573914986944,,1
919,274616,274616,274616,-14608,,1783334485276073452,1783334485276362676,1783334485276362676,,1783334485276348068,1783334485276348068,,3,1.000000000000,1.000000000000,1.000000000000,,0.577393078028,,1
920,274734,274734,274734,-14568,,1783334485276194563,1783334485276483865,1783334485276483865,,1783334485276469297,1783334485276469297,,3,1.000000000000,1.000000000000,1.000000000000,,0.577256829339,,1
921,279083,279083,279083,-13447,,1783334485276312934,1783334485276605464,1783334485276605464,,1783334485276592017,1783334485276592017,,3,1.000000000000,1.000000000000,1.000000000000,,0.572257622506,,1
922,271532,271532,271532,-14776,,1783334485276433505,1783334485276719813,1783334485276719813,,1783334485276705037,1783334485276705037,,3,1.000000000000,1.000000000000,1.000000000000,,0.580965444385,,1
923,275261,275261,275261,-15076,,1783334485276550865,1783334485276841202,1783334485276841202,,1783334485276826126,1783334485276826126,,3,1.000000000000,1.000000000000,1.000000000000,,0.576648721171,,1
924,285630,285630,285630,-14505,,1783334485276671146,1783334485276971281,1783334485276971281,,1783334485276956776,1783334485276956776,,0,1.000000000000,1.000000000000,1.000000000000,,0.564813325372,,1
925,275638,275638,275638,-14225,,1783334485276790987,1783334485277080850,1783334485277080850,,1783334485277066625,1783334485277066625,,1,1.000000000000,1.000000000000,1.000000000000,,0.576214091911,,1
926,275148,275148,275148,-14704,,1783334485276910627,1783334485277200479,1783334485277200479,,1783334485277185775,1783334485277185775,,1,1.000000000000,1.000000000000,1.000000000000,,0.576779058509,,1
927,274756,274756,274756,-12523,,1783334485277028048,1783334485277315327,1783334485277315327,,1783334485277302804,1783334485277302804,,3,1.000000000000,1.000000000000,1.000000000000,,0.577231430598,,1
928,273244,273244,273244,-14572,,1783334485277149640,1783334485277437456,1783334485277437456,,1783334485277422884,1783334485277422884,,1,1.000000000000,1.000000000000,1.000000000000,,0.578979620375,,1
929,276443,276443,276443,-11592,,1783334485277270090,1783334485277558125,1783334485277558125,,1783334485277546533,1783334485277546533,,3,1.000000000000,1.000000000000,1.000000000000,,0.575287133624,,1
930,276902,276902,276902,-13621,,1783334485277389131,1783334485277679654,1783334485277679654,,1783334485277666033,1783334485277666033,,2,1.000000000000,1.000000000000,1.000000000000,,0.574759262366,,1
931,276091,276091,276091,-13669,,1783334485277509842,1783334485277799602,1783334485277799602,,1783334485277785933,1783334485277785933,,0,1.000000000000,1.000000000000,1.000000000000,,0.575692278361,,1
932,280300,280300,280300,-6879,,1783334485277630502,1783334485277917681,1783334485277917681,,1783334485277910802,1783334485277910802,,2,1.000000000000,1.000000000000,1.000000000000,,0.570866441208,,1
933,273679,273679,273679,-13658,,1783334485277747853,1783334485278035190,1783334485278035190,,1783334485278021532,1783334485278021532,,2,1.000000000000,1.000000000000,1.000000000000,,0.578476127156,,1
934,275437,275437,275437,-11328,,1783334485277868224,1783334485278154989,1783334485278154989,,1783334485278143661,1783334485278143661,,2,1.000000000000,1.000000000000,1.000000000000,,0.576445776541,,1
935,280226,280226,280226,-9166,,1783334485277986825,1783334485278276217,1783334485278276217,,1783334485278267051,1783334485278267051,,1,1.000000000000,1.000000000000,1.000000000000,,0.570950935693,,1
936,282394,282394,282394,-8506,,1783334485278104766,1783334485278395666,1783334485278395666,,1783334485278387160,1783334485278387160,,0,1.000000000000,1.000000000000,1.000000000000,,0.568480651882,,1
937,273504,273504,273504,-13845,,1783334485278228536,1783334485278515885,1783334485278515885,,1783334485278502040,1783334485278502040,,1,1.000000000000,1.000000000000,1.000000000000,,0.578678629236,,1
938,281483,281483,281483,-10923,,1783334485278348107,1783334485278640513,1783334485278640513,,1783334485278629590,1783334485278629590,,2,1.000000000000,1.000000000000,1.000000000000,,0.569517367791,,1
939,274672,274672,274672,-13632,,1783334485278467688,1783334485278755992,1783334485278755992,,1783334485278742360,1783334485278742360,,0,1.000000000000,1.000000000000,1.000000000000,,0.577328413624,,1
940,274262,274262,274262,-13991,,1783334485278587148,1783334485278875401,1783334485278875401,,1783334485278861410,1783334485278861410,,2,1.000000000000,1.000000000000,1.000000000000,,0.577802017074,,1
941,273260,273260,273260,-13921,,1783334485278701119,1783334485278988300,1783334485278988300,,1783334485278974379,1783334485278974379,,1,1.000000000000,1.000000000000,1.000000000000,,0.578961093323,,1
942,278259,278259,278259,-13920,,1783334485278819770,1783334485279111949,1783334485279111949,,1783334485279098029,1783334485279098029,,1,1.000000000000,1.000000000000,1.000000000000,,0.573201480594,,1
943,273047,273047,273047,-14399,,1783334485278937531,1783334485279224977,1783334485279224977,,1783334485279210578,1783334485279210578,,0,1.000000000000,1.000000000000,1.000000000000,,0.579207783290,,1
944,271376,271376,271376,-15008,,1783334485279055072,1783334485279341456,1783334485279341456,,1783334485279326448,1783334485279326448,,2,1.000000000000,1.000000000000,1.000000000000,,0.581146733884,,1
945,275794,275794,275794,-13258,,1783334485279178923,1783334485279467975,1783334485279467975,,1783334485279454717,1783334485279454717,,2,1.000000000000,1.000000000000,1.000000000000,,0.576034341157,,1
946,284394,284394,284394,-11446,,1783334485279299283,1783334485279595123,1783334485279595123,,1783334485279583677,1783334485279583677,,3,1.000000000000,1.000000000000,1.000000000000,,0.566211271062,,1
947,277153,277153,277153,-13665,,1783334485279419724,1783334485279710542,1783334485279710542,,1783334485279696877,1783334485279696877,,3,1.000000000000,1.000000000000,1.000000000000,,0.574470805625,,1
948,275341,275341,275341,-12596,,1783334485279540305,1783334485279828242,1783334485279828242,,1783334485279815646,1783334485279815646,,0,1.000000000000,1.000000000000,1.000000000000,,0.576556464756,,1
949,280161,280161,280161,-9655,,1783334485279658635,1783334485279948451,1783334485279948451,,1783334485279938796,1783334485279938796,,2,1.000000000000,1.000000000000,1.000000000000,,0.571025164140,,1
950,277258,277258,277258,-10535,,1783334485279779057,1783334485280066850,1783334485280066850,,1783334485280056315,1783334485280056315,,0,1.000000000000,1.000000000000,1.000000000000,,0.574350179422,,1
951,273487,273487,273487,-13653,,1783334485279896508,1783334485280183648,1783334485280183648,,1783334485280169995,1783334485280169995,,0,1.000000000000,1.000000000000,1.000000000000,,0.578698304644,,1
952,281326,281326,281326,-5903,,1783334485280023468,1783334485280310697,1783334485280310697,,1783334485280304794,1783334485280304794,,2,1.000000000000,1.000000000000,1.000000000000,,0.569696224323,,1
953,277475,277475,277475,-13762,,1783334485280141259,1783334485280432496,1783334485280432496,,1783334485280418734,1783334485280418734,,3,1.000000000000,1.000000000000,1.000000000000,,0.574100965527,,1
954,274903,274903,274903,-13371,,1783334485280264240,1783334485280552514,1783334485280552514,,1783334485280539143,1783334485280539143,,0,1.000000000000,1.000000000000,1.000000000000,,0.577061749501,,1
955,278223,278223,278223,-12010,,1783334485280384500,1783334485280674733,1783334485280674733,,1783334485280662723,1783334485280662723,,2,1.000000000000,1.000000000000,1.000000000000,,0.573242752586,,1
956,277631,277631,277631,-10730,,1783334485280505381,1783334485280793742,1783334485280793742,,1783334485280783012,1783334485280783012,,0,1.000000000000,1.000000000000,1.000000000000,,0.573921873966,,1
957,280340,280340,280340,-10659,,1783334485280625702,1783334485280916701,1783334485280916701,,1783334485280906042,1783334485280906042,,3,1.000000000000,1.000000000000,1.000000000000,,0.570820773719,,1
958,276819,276819,276819,-13047,,1783334485280746393,1783334485281036259,1783334485281036259,,1783334485281023212,1783334485281023212,,2,1.000000000000,1.000000000000,1.000000000000,,0.574854680323,,1
959,271727,271727,271727,-14857,,1783334485280863674,1783334485281150258,1783334485281150258,,1783334485281135401,1783334485281135401,,2,1.000000000000,1.000000000000,1.000000000000,,0.580738912039,,1
960,275826,275826,275826,-13506,,1783334485280981155,1783334485281270487,1783334485281270487,,1783334485281256981,1783334485281256981,,1,1.000000000000,1.000000000000,1.000000000000,,0.575997476138,,1
961,273015,273015,273015,-14696,,1783334485281100045,1783334485281387756,1783334485281387756,,1783334485281373060,1783334485281373060,,3,1.000000000000,1.000000000000,1.000000000000,,0.579244853775,,1
962,273764,273764,273764,-15004,,1783334485281216196,1783334485281504964,1783334485281504964,,1783334485281489960,1783334485281489960,,1,1.000000000000,1.000000000000,1.000000000000,,0.578377794573,,1
963,279323,279323,279323,-9723,,1783334485281335787,1783334485281624833,1783334485281624833,,1783334485281615110,1783334485281615110,,1,1.000000000000,1.000000000000,1.000000000000,,0.571983004761,,1
964,276703,276703,276703,-13302,,1783334485281454387,1783334485281744392,1783334485281744392,,1783334485281731090,1783334485281731090,,0,1.000000000000,1.000000000000,1.000000000000,,0.574988062080,,1
965,280101,280101,280101,-12271,,1783334485281574799,1783334485281867171,1783334485281867171,,1783334485281854900,1783334485281854900,,1,1.000000000000,1.000000000000,1.000000000000,,0.571093691271,,1
966,277049,277049,277049,-10380,,1783334485281708240,1783334485281995669,1783334485281995669,,1783334485281985289,1783334485281985289,,2,1.000000000000,1.000000000000,1.000000000000,,0.574590307980,,1
967,274089,274089,274089,-14009,,1783334485281826010,1783334485282114108,1783334485282114108,,1783334485282100099,1783334485282100099,,3,1.000000000000,1.000000000000,1.000000000000,,0.578001971162,,1
968,278977,278977,278977,-13179,,1783334485281945741,1783334485282237897,1783334485282237897,,1783334485282224718,1783334485282224718,,3,1.000000000000,1.000000000000,1.000000000000,,0.572378953983,,1
969,273706,273706,273706,-14948,,1783334485282063292,1783334485282351946,1783334485282351946,,1783334485282336998,1783334485282336998,,0,1.000000000000,1.000000000000,1.000000000000,,0.578444890289,,1
970,270935,270935,270935,-15127,,1783334485282181492,1783334485282467554,1783334485282467554,,1783334485282452427,1783334485282452427,,0,1.000000000000,1.000000000000,1.000000000000,,0.581659531413,,1
971,283494,283494,283494,-12676,,1783334485282304353,1783334485282600523,1783334485282600523,,1783334485282587847,1783334485282587847,,2,1.000000000000,1.000000000000,1.000000000000,,0.567231369162,,1
972,274253,274253,274253,-14326,,1783334485282423473,1783334485282712052,1783334485282712052,,1783334485282697726,1783334485282697726,,0,1.000000000000,1.000000000000,1.000000000000,,0.577812417604,,1
973,284401,284401,284401,-13265,,1783334485282545885,1783334485282843551,1783334485282843551,,1783334485282830286,1783334485282830286,,1,1.000000000000,1.000000000000,1.000000000000,,0.566203344159,,1
974,279839,279839,279839,-13015,,1783334485282672546,1783334485282965400,1783334485282965400,,1783334485282952385,1783334485282952385,,2,1.000000000000,1.000000000000,1.000000000000,,0.571393022783,,1
975,283449,283449,283449,-13724,,1783334485282790146,1783334485283087319,1783334485283087319,,1783334485283073595,1783334485283073595,,3,1.000000000000,1.000000000000,1.000000000000,,0.567282422283,,1
976,278688,278688,278688,-10653,,1783334485282908807,1783334485283198148,1783334485283198148,,1783334485283187495,1783334485283187495,,0,1.000000000000,1.000000000000,1.000000000000,,0.572709884648,,1
977,271716,271716,271716,-14462,,1783334485283028218,1783334485283314396,1783334485283314396,,1783334485283299934,1783334485283299934,,2,1.000000000000,1.000000000000,1.000000000000,,0.580751688435,,1
978,273586,273586,273586,-13961,,1783334485283149708,1783334485283437255,1783334485283437255,,1783334485283423294,1783334485283423294,,1,1.000000000000,1.000000000000,1.000000000000,,0.578583733723,,1
979,270554,270554,270554,-12911,,1783334485283269989,1783334485283553454,1783334485283553454,,1783334485283540543,1783334485283540543,,1,1.000000000000,1.000000000000,1.000000000000,,0.582102924888,,1
980,274372,274372,274372,-11170,,1783334485283392511,1783334485283678053,1783334485283678053,,1783334485283666883,1783334485283666883,,3,1.000000000000,1.000000000000,1.000000000000,,0.577674914612,,1
981,275761,275761,275761,-11469,,1783334485283513071,1783334485283800301,1783334485283800301,,1783334485283788832,1783334485283788832,,2,1.000000000000,1.000000000000,1.000000000000,,0.576072360678,,1
982,274310,274310,274310,-7308,,1783334485283633312,1783334485283914930,1783334485283914930,,1783334485283907622,1783334485283907622,,1,1.000000000000,1.000000000000,1.000000000000,,0.577746550743,,1
983,269059,269059,269059,-14897,,1783334485283750593,1783334485284034549,1783334485284034549,,1783334485284019652,1783334485284019652,,3,1.000000000000,1.000000000000,1.000000000000,,0.583846017258,,1
984,267188,267188,267188,-14307,,1783334485283866293,1783334485284147788,1783334485284147788,,1783334485284133481,1783334485284133481,,1,1.000000000000,1.000000000000,1.000000000000,,0.586034861828,,1
985,270967,270967,270967,-12925,,1783334485283983564,1783334485284267456,1783334485284267456,,1783334485284254531,1783334485284254531,,2,1.000000000000,1.000000000000,1.000000000000,,0.581622306395,,1
986,279465,279465,279465,-11785,,1783334485284101825,1783334485284393075,1783334485284393075,,1783334485284381290,1783334485284381290,,1,1.000000000000,1.000000000000,1.000000000000,,0.571820584652,,1
987,276815,276815,276815,-13464,,1783334485284224415,1783334485284514694,1783334485284514694,,1783334485284501230,1783334485284501230,,3,1.000000000000,1.000000000000,1.000000000000,,0.574859279178,,1
988,277293,277293,277293,-12833,,1783334485284344777,1783334485284634903,1783334485284634903,,1783334485284622070,1783334485284622070,,0,1.000000000000,1.000000000000,1.000000000000,,0.574309976316,,1
989,278632,278632,278632,-13021,,1783334485284465078,1783334485284756731,1783334485284756731,,1783334485284743710,1783334485284743710,,1,1.000000000000,1.000000000000,1.000000000000,,0.572774031747,,1
990,275171,275171,275171,-14201,,1783334485284587688,1783334485284877060,1783334485284877060,,1783334485284862859,1783334485284862859,,0,1.000000000000,1.000000000000,1.000000000000,,0.576752527283,,1
991,275000,275000,275000,-12120,,1783334485284709949,1783334485284997069,1783334485284997069,,1783334485284984949,1783334485284984949,,2,1.000000000000,1.000000000000,1.000000000000,,0.576949810380,,1
992,274729,274729,274729,-12679,,1783334485284829910,1783334485285117318,1783334485285117318,,1783334485285104639,1783334485285104639,,0,1.000000000000,1.000000000000,1.000000000000,,0.577262601937,,1
993,274328,274328,274328,-13288,,1783334485284947270,1783334485285234886,1783334485285234886,,1783334485285221598,1783334485285221598,,0,1.000000000000,1.000000000000,1.000000000000,,0.577725752242,,1
994,271217,271217,271217,-14677,,1783334485285072181,1783334485285358075,1783334485285358075,,1783334485285343398,1783334485285343398,,2,1.000000000000,1.000000000000,1.000000000000,,0.581331567932,,1
995,271204,271204,271204,-15217,,1783334485285189833,1783334485285476254,1783334485285476254,,1783334485285461037,1783334485285461037,,3,1.000000000000,1.000000000000,1.000000000000,,0.581346682749,,1
996,290064,290064,290064,-7556,,1783334485285307363,1783334485285604983,1783334485285604983,,1783334485285597427,1783334485285597427,,2,1.000000000000,1.000000000000,1.000000000000,,0.559826704161,,1
997,275662,275662,275662,-14745,,1783334485285427694,1783334485285718101,1783334485285718101,,1783334485285703356,1783334485285703356,,2,1.000000000000,1.000000000000,1.000000000000,,0.576186434298,,1
998,274611,274611,274611,-11435,,1783334485285547795,1783334485285833841,1783334485285833841,,1783334485285822406,1783334485285822406,,2,1.000000000000,1.000000000000,1.000000000000,,0.577398851987,,1
999,281020,281020,281020,-9155,,1783334485285665305,1783334485285955480,1783334485285955480,,1783334485285946325,1783334485285946325,,2,1.000000000000,1.000000000000,1.000000000000,,0.570044985123,,1
1000,277569,277569,277569,-8804,,1783334485285784156,1783334485286070529,1783334485286070529,,1783334485286061725,1783334485286061725,,2,1.000000000000,1.000000000000,1.000000000000,,0.573993044690,,1
1001,280998,280998,280998,-10132,,1783334485285904657,1783334485286195787,1783334485286195787,,1783334485286185655,1783334485286185655,,1,1.000000000000,1.000000000000,1.000000000000,,0.570070067654,,1
1002,269156,269156,269156,-12232,,1783334485286037558,1783334485286318946,1783334485286318946,,1783334485286306714,1783334485286306714,,3,1.000000000000,1.000000000000,1.000000000000,,0.583732762116,,1
1003,271885,271885,271885,-12871,,1783334485286159099,1783334485286443855,1783334485286443855,,1783334485286430984,1783334485286430984,,2,1.000000000000,1.000000000000,1.000000000000,,0.580555427535,,1
1004,277783,277783,277783,-5701,,1783334485286279270,1783334485286562754,1783334485286562754,,1783334485286557053,1783334485286557053,,0,1.000000000000,1.000000000000,1.000000000000,,0.573747428233,,1
1005,271393,271393,271393,-12649,,1783334485286399150,1783334485286683192,1783334485286683192,,1783334485286670543,1783334485286670543,,2,1.000000000000,1.000000000000,1.000000000000,,0.581126975231,,1
1006,273801,273801,273801,-12479,,1783334485286516621,1783334485286802901,1783334485286802901,,1783334485286790422,1783334485286790422,,2,1.000000000000,1.000000000000,1.000000000000,,0.578334996200,,1
1007,272271,272271,272271,-11758,,1783334485286634131,1783334485286918160,1783334485286918160,,1783334485286906402,1783334485286906402,,3,1.000000000000,1.000000000000,1.000000000000,,0.580107411701,,1
1008,269079,269079,269079,-13438,,1783334485286751622,1783334485287034139,1783334485287034139,,1783334485287020701,1783334485287020701,,1,1.000000000000,1.000000000000,1.000000000000,,0.583822663884,,1
1009,268428,268428,268428,-12807,,1783334485286869253,1783334485287150488,1783334485287150488,,1783334485287137681,1783334485287137681,,1,1.000000000000,1.000000000000,1.000000000000,,0.584583296057,,1
1010,267837,267837,267837,-13425,,1783334485286986684,1783334485287267946,1783334485287267946,,1783334485287254521,1783334485287254521,,2,1.000000000000,1.000000000000,1.000000000000,,0.585274682041,,1
1011,272735,272735,272735,-11065,,1783334485287109565,1783334485287393365,1783334485287393365,,1783334485287382300,1783334485287382300,,1,1.000000000000,1.000000000000,1.000000000000,,0.579569321735,,1
1012,275994,275994,275994,-9294,,1783334485287232026,1783334485287517314,1783334485287517314,,1783334485287508020,1783334485287508020,,3,1.000000000000,1.000000000000,1.000000000000,,0.575803973497,,1
1013,272694,272694,272694,-12652,,1783334485287353616,1783334485287638962,1783334485287638962,,1783334485287626310,1783334485287626310,,0,1.000000000000,1.000000000000,1.000000000000,,0.579616848368,,1
1014,273353,273353,273353,-11341,,1783334485287470637,1783334485287755331,1783334485287755331,,1783334485287743990,1783334485287743990,,3,1.000000000000,1.000000000000,1.000000000000,,0.578853416574,,1
1015,268351,268351,268351,-13711,,1783334485287587988,1783334485287870050,1783334485287870050,,1783334485287856339,1783334485287856339,,2,1.000000000000,1.000000000000,1.000000000000,,0.584673328816,,1
1016,269511,269511,269511,-12780,,1783334485287705848,1783334485287988139,1783334485287988139,,1783334485287975359,1783334485287975359,,2,1.000000000000,1.000000000000,1.000000000000,,0.583318458950,,1
1017,268339,268339,268339,-12920,,1783334485287823309,1783334485288104568,1783334485288104568,,1783334485288091648,1783334485288091648,,1,1.000000000000,1.000000000000,1.000000000000,,0.584687361145,,1
1018,274558,274558,274558,-12548,,1783334485287940840,1783334485288227946,1783334485288227946,,1783334485288215398,1783334485288215398,,1,1.000000000000,1.000000000000,1.000000000000,,0.577460059510,,1
1019,278677,278677,278677,-7237,,1783334485288058221,1783334485288344135,1783334485288344135,,1783334485288336898,1783334485288336898,,2,1.000000000000,1.000000000000,1.000000000000,,0.572722484404,,1
1020,271575,271575,271575,-12587,,1783334485288182622,1783334485288466784,1783334485288466784,,1783334485288454197,1783334485288454197,,2,1.000000000000,1.000000000000,1.000000000000,,0.580915483505,,1
1021,275175,275175,275175,-13376,,1783334485288302872,1783334485288591423,1783334485288591423,,1783334485288578047,1783334485288578047,,3,1.000000000000,1.000000000000,1.000000000000,,0.576747913281,,1
1022,278133,278133,278133,-12805,,1783334485288420073,1783334485288711011,1783334485288711011,,1783334485288698206,1783334485288698206,,3,1.000000000000,1.000000000000,1.000000000000,,0.573345945569,,1
1023,270562,270562,270562,-13324,,1783334485288538844,1783334485288822730,1783334485288822730,,1783334485288809406,1783334485288809406,,2,1.000000000000,1.000000000000,1.000000000000,,0.582093611316,,1
1024,274891,274891,274891,-12025,,1783334485288659284,1783334485288946200,1783334485288946200,,1783334485288934175,1783334485288934175,,3,1.000000000000,1.000000000000,1.000000000000,,0.577075599150,,1
1025,270449,270449,270449,-12854,,1783334485288782526,1783334485289065829,1783334485289065829,,1783334485289052975,1783334485289052975,,1,1.000000000000,1.000000000000,1.000000000000,,0.582225179338,,1
1026,269677,269677,269677,-12793,,1783334485288905107,1783334485289187577,1783334485289187577,,1783334485289174784,1783334485289174784,,2,1.000000000000,1.000000000000,1.000000000000,,0.583124829366,,1
1027,272807,272807,272807,-10382,,1783334485289023857,1783334485289307046,1783334485289307046,,1783334485289296664,1783334485289296664,,3,1.000000000000,1.000000000000,1.000000000000,,0.579485869762,,1
1028,279726,279726,279726,-7051,,1783334485289141718,1783334485289428495,1783334485289428495,,1783334485289421444,1783334485289421444,,1,1.000000000000,1.000000000000,1.000000000000,,0.571522172200,,1
1029,282144,282144,282144,-7521,,1783334485289260939,1783334485289550604,1783334485289550604,,1783334485289543083,1783334485289543083,,2,1.000000000000,1.000000000000,1.000000000000,,0.568764963280,,1
1030,272774,272774,272774,-11509,,1783334485289379689,1783334485289663972,1783334485289663972,,1783334485289652463,1783334485289652463,,3,1.000000000000,1.000000000000,1.000000000000,,0.579524117091,,1
1031,269112,269112,269112,-13689,,1783334485289499900,1783334485289782701,1783334485289782701,,1783334485289769012,1783334485289769012,,1,1.000000000000,1.000000000000,1.000000000000,,0.583784132860,,1
1032,275772,275772,275772,-9228,,1783334485289618590,1783334485289903590,1783334485289903590,,1783334485289894362,1783334485289894362,,2,1.000000000000,1.000000000000,1.000000000000,,0.576059687225,,1
1033,269199,269199,269199,-13608,,1783334485289738842,1783334485290021649,1783334485290021649,,1783334485290008041,1783334485290008041,,3,1.000000000000,1.000000000000,1.000000000000,,0.583682563257,,1
1034,269568,269568,269568,-11916,,1783334485289861303,1783334485290142787,1783334485290142787,,1783334485290130871,1783334485290130871,,2,1.000000000000,1.000000000000,1.000000000000,,0.583251964436,,1
1035,270608,270608,270608,-12885,,1783334485289978713,1783334485290262206,1783334485290262206,,1783334485290249321,1783334485290249321,,1,1.000000000000,1.000000000000,1.000000000000,,0.582040061167,,1
1036,270736,270736,270736,-13455,,1783334485290102524,1783334485290386715,1783334485290386715,,1783334485290373260,1783334485290373260,,2,1.000000000000,1.000000000000,1.000000000000,,0.581891077982,,1
1037,271785,271785,271785,-12243,,1783334485290221535,1783334485290505563,1783334485290505563,,1783334485290493320,1783334485290493320,,3,1.000000000000,1.000000000000,1.000000000000,,0.580671550232,,1
1038,275805,275805,275805,-12042,,1783334485290340605,1783334485290628452,1783334485290628452,,1783334485290616410,1783334485290616410,,2,1.000000000000,1.000000000000,1.000000000000,,0.576021668540,,1
1039,273524,273524,273524,-12611,,1783334485290463046,1783334485290749181,1783334485290749181,,1783334485290736570,1783334485290736570,,1,1.000000000000,1.000000000000,1.000000000000,,0.578655482554,,1
1040,269981,269981,269981,-13561,,1783334485290582348,1783334485290865890,1783334485290865890,,1783334485290852329,1783334485290852329,,2,1.000000000000,1.000000000000,1.000000000000,,0.582770397228,,1
1041,269281,269281,269281,-13569,,1783334485290702598,1783334485290985448,1783334485290985448,,1783334485290971879,1783334485290971879,,3,1.000000000000,1.000000000000,1.000000000000,,0.583586847166,,1
1042,269949,269949,269949,-10939,,1783334485290822959,1783334485291103847,1783334485291103847,,1783334485291092908,1783334485291092908,,0,1.000000000000,1.000000000000,1.000000000000,,0.582807695727,,1
1043,272098,272098,272098,-11468,,1783334485290940360,1783334485291223926,1783334485291223926,,1783334485291212458,1783334485291212458,,0,1.000000000000,1.000000000000,1.000000000000,,0.580308163593,,1
1044,270438,270438,270438,-12417,,1783334485291057720,1783334485291340575,1783334485291340575,,1783334485291328158,1783334485291328158,,2,1.000000000000,1.000000000000,1.000000000000,,0.582237988433,,1
1045,271216,271216,271216,-11036,,1783334485291182371,1783334485291464623,1783334485291464623,,1783334485291453587,1783334485291453587,,1,1.000000000000,1.000000000000,1.000000000000,,0.581332730596,,1
1046,279195,279195,279195,-11485,,1783334485291304892,1783334485291595572,1783334485291595572,,1783334485291584087,1783334485291584087,,2,1.000000000000,1.000000000000,1.000000000000,,0.572129451155,,1
1047,274304,274304,274304,-9385,,1783334485291424122,1783334485291707811,1783334485291707811,,1783334485291698426,1783334485291698426,,0,1.000000000000,1.000000000000,1.000000000000,,0.577753483743,,1
1048,268532,268532,268532,-13705,,1783334485291546754,1783334485291828991,1783334485291828991,,1783334485291815286,1783334485291815286,,0,1.000000000000,1.000000000000,1.000000000000,,0.584461715376,,1
1049,271680,271680,271680,-12654,,1783334485291666985,1783334485291951319,1783334485291951319,,1783334485291938665,1783334485291938665,,0,1.000000000000,1.000000000000,1.000000000000,,0.580793504062,,1
1050,270740,270740,270740,-12983,,1783334485291787225,1783334485292070948,1783334485292070948,,1783334485292057965,1783334485292057965,,1,1.000000000000,1.000000000000,1.000000000000,,0.581886422872,,1
1051,270028,270028,270028,-12383,,1783334485291904906,1783334485292187317,1783334485292187317,,1783334485292174934,1783334485292174934,,2,1.000000000000,1.000000000000,1.000000000000,,0.582715619386,,1
1052,277947,277947,277947,-4452,,1783334485292027637,1783334485292310036,1783334485292310036,,1783334485292305584,1783334485292305584,,0,1.000000000000,1.000000000000,1.000000000000,,0.573559269936,,1
1053,274166,274166,274166,-9681,,1783334485292151087,1783334485292434934,1783334485292434934,,1783334485292425253,1783334485292425253,,2,1.000000000000,1.000000000000,1.000000000000,,0.577912965712,,1
1054,276435,276435,276435,-8390,,1783334485292269698,1783334485292554523,1783334485292554523,,1783334485292546133,1783334485292546133,,1,1.000000000000,1.000000000000,1.000000000000,,0.575296338292,,1
1055,272123,272123,272123,-11909,,1783334485292389800,1783334485292673832,1783334485292673832,,1783334485292661923,1783334485292661923,,1,1.000000000000,1.000000000000,1.000000000000,,0.580279148911,,1
1056,269902,269902,269902,-13189,,1783334485292512230,1783334485292795321,1783334485292795321,,1783334485292782132,1783334485292782132,,0,1.000000000000,1.000000000000,1.000000000000,,0.582862482226,,1
1057,276421,276421,276421,-12537,,1783334485292632891,1783334485292921849,1783334485292921849,,1783334485292909312,1783334485292909312,,0,1.000000000000,1.000000000000,1.000000000000,,0.575312446815,,1
1058,268079,268079,268079,-13307,,1783334485292753062,1783334485293034448,1783334485293034448,,1783334485293021141,1783334485293021141,,0,1.000000000000,1.000000000000,1.000000000000,,0.584991477636,,1
1059,273089,273089,273089,-7566,,1783334485292870472,1783334485293151127,1783334485293151127,,1783334485293143561,1783334485293143561,,2,1.000000000000,1.000000000000,1.000000000000,,0.579159131880,,1
1060,270087,270087,270087,-12256,,1783334485292987803,1783334485293270146,1783334485293270146,,1783334485293257890,1783334485293257890,,1,1.000000000000,1.000000000000,1.000000000000,,0.582646862999,,1
1061,270176,270176,270176,-13684,,1783334485293105344,1783334485293389204,1783334485293389204,,1783334485293375520,1783334485293375520,,0,1.000000000000,1.000000000000,1.000000000000,,0.582543161087,,1
1062,269366,269366,269366,-13723,,1783334485293227584,1783334485293510673,1783334485293510673,,1783334485293496950,1783334485293496950,,3,1.000000000000,1.000000000000,1.000000000000,,0.583487645834,,1
1063,275834,275834,275834,-11792,,1783334485293346726,1783334485293634352,1783334485293634352,,1783334485293622560,1783334485293622560,,2,1.000000000000,1.000000000000,1.000000000000,,0.575988260253,,1
1064,272783,272783,272783,-12171,,1783334485293466907,1783334485293751861,1783334485293751861,,1783334485293739690,1783334485293739690,,1,1.000000000000,1.000000000000,1.000000000000,,0.579513685751,,1
1065,278182,278182,278182,-12660,,1783334485293587147,1783334485293877989,1783334485293877989,,1783334485293865329,1783334485293865329,,0,1.000000000000,1.000000000000,1.000000000000,,0.573289760419,,1
1066,267911,267911,267911,-14089,,1783334485293717488,1783334485293999488,1783334485293999488,,1783334485293985399,1783334485293985399,,3,1.000000000000,1.000000000000,1.000000000000,,0.585188067798,,1
1067,268349,268349,268349,-14699,,1783334485293835149,1783334485294118197,1783334485294118197,,1783334485294103498,1783334485294103498,,3,1.000000000000,1.000000000000,1.000000000000,,0.584675667514,,1
1068,273569,273569,273569,-11058,,1783334485293957939,1783334485294242566,1783334485294242566,,1783334485294231508,1783334485294231508,,1,1.000000000000,1.000000000000,1.000000000000,,0.578603405904,,1
1069,270777,270777,270777,-12657,,1783334485294075380,1783334485294358814,1783334485294358814,,1783334485294346157,1783334485294346157,,1,1.000000000000,1.000000000000,1.000000000000,,0.581843364869,,1
1070,272215,272215,272215,-13656,,1783334485294198302,1783334485294484173,1783334485294484173,,1783334485294470517,1783334485294470517,,3,1.000000000000,1.000000000000,1.000000000000,,0.580172387370,,1
1071,274674,274674,274674,-13126,,1783334485294316102,1783334485294603902,1783334485294603902,,1783334485294590776,1783334485294590776,,0,1.000000000000,1.000000000000,1.000000000000,,0.577326104315,,1
1072,273043,273043,273043,-12365,,1783334485294435763,1783334485294721171,1783334485294721171,,1783334485294708806,1783334485294708806,,2,1.000000000000,1.000000000000,1.000000000000,,0.579212416971,,1
1073,271453,271453,271453,-13634,,1783334485294549573,1783334485294834660,1783334485294834660,,1783334485294821026,1783334485294821026,,2,1.000000000000,1.000000000000,1.000000000000,,0.581057244178,,1
1074,268601,268601,268601,-13734,,1783334485294668964,1783334485294951299,1783334485294951299,,1783334485294937565,1783334485294937565,,1,1.000000000000,1.000000000000,1.000000000000,,0.584381065224,,1
1075,277980,277980,277980,-7253,,1783334485294789355,1783334485295074588,1783334485295074588,,1783334485295067335,1783334485295067335,,1,1.000000000000,1.000000000000,1.000000000000,,0.573521416274,,1
1076,271049,271049,271049,-12023,,1783334485294908285,1783334485295191357,1783334485295191357,,1783334485295179334,1783334485295179334,,0,1.000000000000,1.000000000000,1.000000000000,,0.581526928158,,1
1077,267658,267658,267658,-13621,,1783334485295025956,1783334485295307235,1783334485295307235,,1783334485295293614,1783334485295293614,,1,1.000000000000,1.000000000000,1.000000000000,,0.585484247887,,1
1078,270005,270005,270005,-12111,,1783334485295147378,1783334485295429494,1783334485295429494,,1783334485295417383,1783334485295417383,,3,1.000000000000,1.000000000000,1.000000000000,,0.582742424921,,1
1079,278655,278655,278655,-7210,,1783334485295269808,1783334485295555673,1783334485295555673,,1783334485295548463,1783334485295548463,,1,1.000000000000,1.000000000000,1.000000000000,,0.572747684748,,1
1080,273634,273634,273634,-11779,,1783334485295389859,1783334485295675272,1783334485295675272,,1783334485295663493,1783334485295663493,,2,1.000000000000,1.000000000000,1.000000000000,,0.578528192350,,1
1081,270202,270202,270202,-12428,,1783334485295512940,1783334485295795570,1783334485295795570,,1783334485295783142,1783334485295783142,,2,1.000000000000,1.000000000000,1.000000000000,,0.582512869631,,1
1082,268772,268772,268772,-13367,,1783334485295633230,1783334485295915369,1783334485295915369,,1783334485295902002,1783334485295902002,,1,1.000000000000,1.000000000000,1.000000000000,,0.584181241072,,1
1083,273290,273290,273290,-12977,,1783334485295753331,1783334485296039598,1783334485296039598,,1783334485296026621,1783334485296026621,,1,1.000000000000,1.000000000000,1.000000000000,,0.578926356700,,1
1084,268349,268349,268349,-13546,,1783334485295873332,1783334485296155227,1783334485296155227,,1783334485296141681,1783334485296141681,,3,1.000000000000,1.000000000000,1.000000000000,,0.584675667514,,1
1085,271277,271277,271277,-13335,,1783334485295990693,1783334485296275305,1783334485296275305,,1783334485296261970,1783334485296261970,,0,1.000000000000,1.000000000000,1.000000000000,,0.581261812329,,1
1086,274876,274876,274876,-12114,,1783334485296108354,1783334485296395344,1783334485296395344,,1783334485296383230,1783334485296383230,,3,1.000000000000,1.000000000000,1.000000000000,,0.577092911677,,1
1087,270424,270424,270424,-12684,,1783334485296232045,1783334485296515153,1783334485296515153,,1783334485296502469,1783334485296502469,,1,1.000000000000,1.000000000000,1.000000000000,,0.582254291325,,1
1088,274365,274365,274365,-11952,,1783334485296354255,1783334485296640572,1783334485296640572,,1783334485296628620,1783334485296628620,,0,1.000000000000,1.000000000000,1.000000000000,,0.577683002118,,1
1089,270204,270204,270204,-12890,,1783334485296472796,1783334485296755890,1783334485296755890,,1783334485296743000,1783334485296743000,,0,1.000000000000,1.000000000000,1.000000000000,,0.582510539584,,1
1090,271352,271352,271352,-12820,,1783334485296593197,1783334485296877369,1783334485296877369,,1783334485296864549,1783334485296864549,,2,1.000000000000,1.000000000000,1.000000000000,,0.581174629596,,1
1091,272332,272332,272332,-11339,,1783334485296713247,1783334485296996918,1783334485296996918,,1783334485296985579,1783334485296985579,,1,1.000000000000,1.000000000000,1.000000000000,,0.580036642914,,1
1092,269800,269800,269800,-12709,,1783334485296833928,1783334485297116437,1783334485297116437,,1783334485297103728,1783334485297103728,,2,1.000000000000,1.000000000000,1.000000000000,,0.582981398301,,1
1093,269438,269438,269438,-12927,,1783334485296951360,1783334485297233725,1783334485297233725,,1783334485297220798,1783334485297220798,,0,1.000000000000,1.000000000000,1.000000000000,,0.583403629663,,1
1094,271767,271767,271767,-12567,,1783334485297069090,1783334485297353424,1783334485297353424,,1783334485297340857,1783334485297340857,,0,1.000000000000,1.000000000000,1.000000000000,,0.580692454784,,1
1095,269716,269716,269716,-13016,,1783334485297187621,1783334485297470353,1783334485297470353,,1783334485297457337,1783334485297457337,,3,1.000000000000,1.000000000000,1.000000000000,,0.583079347403,,1
1096,277004,277004,277004,-11426,,1783334485297310952,1783334485297599382,1783334485297599382,,1783334485297587956,1783334485297587956,,3,1.000000000000,1.000000000000,1.000000000000,,0.574642023435,,1
1097,272574,272574,272574,-13424,,1783334485297430122,1783334485297716120,1783334485297716120,,1783334485297702696,1783334485297702696,,2,1.000000000000,1.000000000000,1.000000000000,,0.579755973106,,1
1098,270893,270893,270893,-13314,,1783334485297550433,1783334485297834640,1783334485297834640,,1783334485297821326,1783334485297821326,,3,1.000000000000,1.000000000000,1.000000000000,,0.581708392866,,1
1099,272131,272131,272131,-11894,,1783334485297671174,1783334485297955199,1783334485297955199,,1783334485297943305,1783334485297943305,,3,1.000000000000,1.000000000000,1.000000000000,,0.580269864518,,1
1100,268310,268310,268310,-13613,,1783334485297791955,1783334485298073878,1783334485298073878,,1783334485298060265,1783334485298060265,,1,1.000000000000,1.000000000000,1.000000000000,,0.584721273995,,1
1101,271158,271158,271158,-12802,,1783334485297909816,1783334485298193776,1783334485298193776,,1783334485298180974,1783334485298180974,,3,1.000000000000,1.000000000000,1.000000000000,,0.581400169104,,1
1102,275587,275587,275587,-12421,,1783334485298041677,1783334485298329685,1783334485298329685,,1783334485298317264,1783334485298317264,,1,1.000000000000,1.000000000000,1.000000000000,,0.576272868746,,1
1103,275056,275056,275056,-8311,,1783334485298158977,1783334485298442344,1783334485298442344,,1783334485298434033,1783334485298434033,,2,1.000000000000,1.000000000000,1.000000000000,,0.576885195620,,1
1104,272595,272595,272595,-8709,,1783334485298276498,1783334485298557802,1783334485298557802,,1783334485298549093,1783334485298549093,,0,1.000000000000,1.000000000000,1.000000000000,,0.579731623866,,1
1105,272153,272153,272153,-12129,,1783334485298393779,1783334485298678061,1783334485298678061,,1783334485298665932,1783334485298665932,,0,1.000000000000,1.000000000000,1.000000000000,,0.580244333206,,1
1106,271003,271003,271003,-12568,,1783334485298514299,1783334485298797870,1783334485298797870,,1783334485298785302,1783334485298785302,,0,1.000000000000,1.000000000000,1.000000000000,,0.581580431096,,1
1107,274822,274822,274822,-7727,,1783334485298635510,1783334485298918059,1783334485298918059,,1783334485298910332,1783334485298910332,,2,1.000000000000,1.000000000000,1.000000000000,,0.577155241077,,1
1108,273069,273069,273069,-10226,,1783334485298756292,1783334485299039587,1783334485299039587,,1783334485299029361,1783334485299029361,,0,1.000000000000,1.000000000000,1.000000000000,,0.579182298708,,1
1109,268889,268889,268889,-14815,,1783334485298876702,1783334485299160406,1783334485299160406,,1783334485299145591,1783334485299145591,,0,1.000000000000,1.000000000000,1.000000000000,,0.584044558654,,1
1110,268587,268587,268587,-13215,,1783334485298995353,1783334485299277155,1783334485299277155,,1783334485299263940,1783334485299263940,,0,1.000000000000,1.000000000000,1.000000000000,,0.584397428123,,1
1111,275446,275446,275446,-9504,,1783334485299112854,1783334485299397804,1783334485299397804,,1783334485299388300,1783334485299388300,,2,1.000000000000,1.000000000000,1.000000000000,,0.576435400610,,1
1112,268745,268745,268745,-13053,,1783334485299230934,1783334485299512732,1783334485299512732,,1783334485299499679,1783334485299499679,,3,1.000000000000,1.000000000000,1.000000000000,,0.584212787710,,1
1113,275315,275315,275315,-11481,,1783334485299348725,1783334485299635521,1783334485299635521,,1783334485299624040,1783334485299624040,,3,1.000000000000,1.000000000000,1.000000000000,,0.576586446472,,1
1114,273744,273744,273744,-12191,,1783334485299466035,1783334485299751970,1783334485299751970,,1783334485299739779,1783334485299739779,,0,1.000000000000,1.000000000000,1.000000000000,,0.578400930148,,1
1115,271612,271612,271612,-12480,,1783334485299585337,1783334485299869429,1783334485299869429,,1783334485299856949,1783334485299856949,,2,1.000000000000,1.000000000000,1.000000000000,,0.580872497350,,1
1116,268551,268551,268551,-12938,,1783334485299707368,1783334485299988857,1783334485299988857,,1783334485299975919,1783334485299975919,,0,1.000000000000,1.000000000000,1.000000000000,,0.584439506253,,1
1117,269050,269050,269050,-13328,,1783334485299825938,1783334485300108316,1783334485300108316,,1783334485300094988,1783334485300094988,,3,1.000000000000,1.000000000000,1.000000000000,,0.583856526581,,1
1118,273789,273789,273789,-13237,,1783334485299945209,1783334485300232235,1783334485300232235,,1783334485300218998,1783334485300218998,,1,1.000000000000,1.000000000000,1.000000000000,,0.578348876406,,1
1119,285607,285607,285607,-9837,,1783334485300064690,1783334485300360134,1783334485300360134,,1783334485300350297,1783334485300350297,,0,1.000000000000,1.000000000000,1.000000000000,,0.564839307383,,1
1120,279487,279487,279487,-12045,,1783334485300186730,1783334485300478262,1783334485300478262,,1783334485300466217,1783334485300466217,,1,1.000000000000,1.000000000000,1.000000000000,,0.571795425100,,1
1121,279465,279465,279465,-14145,,1783334485300305751,1783334485300599361,1783334485300599361,,1783334485300585216,1783334485300585216,,1,1.000000000000,1.000000000000,1.000000000000,,0.571820584652,,1
1122,276464,276464,276464,-13574,,1783334485300423422,1783334485300713460,1783334485300713460,,1783334485300699886,1783334485300699886,,0,1.000000000000,1.000000000000,1.000000000000,,0.575262972072,,1
1123,276832,276832,276832,-10285,,1783334485300542043,1783334485300829160,1783334485300829160,,1783334485300818875,1783334485300818875,,1,1.000000000000,1.000000000000,1.000000000000,,0.574839734295,,1
1124,274541,274541,274541,-13184,,1783334485300659494,1783334485300947219,1783334485300947219,,1783334485300934035,1783334485300934035,,2,1.000000000000,1.000000000000,1.000000000000,,0.577479693486,,1
1125,273380,273380,273380,-14802,,1783334485300778815,1783334485301066997,1783334485301066997,,1783334485301052195,1783334485301052195,,1,1.000000000000,1.000000000000,1.000000000000,,0.578822159333,,1
1126,272389,272389,272389,-14632,,1783334485300894625,1783334485301181646,1783334485301181646,,1783334485301167014,1783334485301167014,,2,1.000000000000,1.000000000000,1.000000000000,,0.579970522505,,1
1127,275658,275658,275658,-14571,,1783334485301012236,1783334485301302465,1783334485301302465,,1783334485301287894,1783334485301287894,,2,1.000000000000,1.000000000000,1.000000000000,,0.576191043808,,1
1128,275446,275446,275446,-13661,,1783334485301134527,1783334485301423634,1783334485301423634,,1783334485301409973,1783334485301409973,,2,1.000000000000,1.000000000000,1.000000000000,,0.576435400610,,1
1129,277496,277496,277496,-13649,,1783334485301254917,1783334485301546062,1783334485301546062,,1783334485301532413,1783334485301532413,,1,1.000000000000,1.000000000000,1.000000000000,,0.574076853793,,1
1130,277653,277653,277653,-13409,,1783334485301375219,1783334485301666281,1783334485301666281,,1783334485301652872,1783334485301652872,,3,1.000000000000,1.000000000000,1.000000000000,,0.573896621959,,1
1131,277112,277112,277112,-10138,,1783334485301495880,1783334485301783130,1783334485301783130,,1783334485301772992,1783334485301772992,,3,1.000000000000,1.000000000000,1.000000000000,,0.574517914162,,1
1132,272282,272282,272282,-14087,,1783334485301613350,1783334485301899719,1783334485301899719,,1783334485301885632,1783334485301885632,,3,1.000000000000,1.000000000000,1.000000000000,,0.580094649478,,1
1133,276920,276920,276920,-12956,,1783334485301730731,1783334485302020607,1783334485302020607,,1783334485302007651,1783334485302007651,,3,1.000000000000,1.000000000000,1.000000000000,,0.574738571405,,1
1134,277130,277130,277130,-14555,,1783334485301848591,1783334485302140276,1783334485302140276,,1783334485302125721,1783334485302125721,,0,1.000000000000,1.000000000000,1.000000000000,,0.574497231889,,1
1135,272088,272088,272088,-14595,,1783334485301967902,1783334485302254585,1783334485302254585,,1783334485302239990,1783334485302239990,,3,1.000000000000,1.000000000000,1.000000000000,,0.580319769873,,1
1136,271627,271627,271627,-14844,,1783334485302091213,1783334485302377684,1783334485302377684,,1783334485302362840,1783334485302362840,,0,1.000000000000,1.000000000000,1.000000000000,,0.580855071437,,1
1137,272976,272976,272976,-14583,,1783334485302213123,1783334485302500682,1783334485302500682,,1783334485302486099,1783334485302486099,,2,1.000000000000,1.000000000000,1.000000000000,,0.579290036635,,1
1138,277745,277745,277745,-12511,,1783334485302330475,1783334485302620731,1783334485302620731,,1783334485302608220,1783334485302608220,,1,1.000000000000,1.000000000000,1.000000000000,,0.573791034695,,1
1139,278923,278923,278923,-8501,,1783334485302448846,1783334485302736270,1783334485302736270,,1783334485302727769,1783334485302727769,,2,1.000000000000,1.000000000000,1.000000000000,,0.572440774248,,1
1140,277143,277143,277143,-11430,,1783334485302566196,1783334485302854769,1783334485302854769,,1783334485302843339,1783334485302843339,,0,1.000000000000,1.000000000000,1.000000000000,,0.574482295156,,1
1141,274272,274272,274272,-14338,,1783334485302683537,1783334485302972147,1783334485302972147,,1783334485302957809,1783334485302957809,,0,1.000000000000,1.000000000000,1.000000000000,,0.577790461150,,1
1142,271360,271360,271360,-14198,,1783334485302800858,1783334485303086416,1783334485303086416,,1783334485303072218,1783334485303072218,,3,1.000000000000,1.000000000000,1.000000000000,,0.581165330877,,1
1143,273930,273930,273930,-12987,,1783334485302918338,1783334485303205255,1783334485303205255,,1783334485303192268,1783334485303192268,,3,1.000000000000,1.000000000000,1.000000000000,,0.578185805017,,1
1144,277858,277858,277858,-11267,,1783334485303035719,1783334485303324844,1783334485303324844,,1783334485303313577,1783334485303313577,,1,1.000000000000,1.000000000000,1.000000000000,,0.573661372573,,1
1145,273766,273766,273766,-13946,,1783334485303159571,1783334485303447283,1783334485303447283,,1783334485303433337,1783334485303433337,,3,1.000000000000,1.000000000000,1.000000000000,,0.578375481066,,1
1146,278745,278745,278745,-8325,,1783334485303280181,1783334485303567251,1783334485303567251,,1783334485303558926,1783334485303558926,,3,1.000000000000,1.000000000000,1.000000000000,,0.572644599443,,1
1147,279154,279154,279154,-11874,,1783334485303398842,1783334485303689870,1783334485303689870,,1783334485303677996,1783334485303677996,,2,1.000000000000,1.000000000000,1.000000000000,,0.572176367693,,1
1148,278283,278283,278283,-12074,,1783334485303522442,1783334485303812799,1783334485303812799,,1783334485303800725,1783334485303800725,,2,1.000000000000,1.000000000000,1.000000000000,,0.573173967583,,1
1149,273772,273772,273772,-13474,,1783334485303642873,1783334485303930119,1783334485303930119,,1783334485303916645,1783334485303916645,,2,1.000000000000,1.000000000000,1.000000000000,,0.578368540602,,1
1150,273371,273371,273371,-14332,,1783334485303756204,1783334485304043907,1783334485304043907,,1783334485304029575,1783334485304029575,,3,1.000000000000,1.000000000000,1.000000000000,,0.578832578226,,1
1151,283750,283750,283750,-11822,,1783334485303873604,1783334485304169176,1783334485304169176,,1783334485304157354,1783334485304157354,,0,1.000000000000,1.000000000000,1.000000000000,,0.566941021037,,1
1152,274499,274499,274499,-12491,,1783334485303991015,1783334485304278005,1783334485304278005,,1783334485304265514,1783334485304265514,,2,1.000000000000,1.000000000000,1.000000000000,,0.577528203817,,1
1153,276966,276966,276966,-13211,,1783334485304113737,1783334485304403914,1783334485304403914,,1783334485304390703,1783334485304390703,,0,1.000000000000,1.000000000000,1.000000000000,,0.574685697888,,1
1154,275406,275406,275406,-13429,,1783334485304237147,1783334485304525982,1783334485304525982,,1783334485304512553,1783334485304512553,,0,1.000000000000,1.000000000000,1.000000000000,,0.576481517287,,1
1155,280624,280624,280624,-10609,,1783334485304355828,1783334485304647061,1783334485304647061,,1783334485304636452,1783334485304636452,,3,1.000000000000,1.000000000000,1.000000000000,,0.570496639582,,1
1156,274863,274863,274863,-12528,,1783334485304476479,1783334485304763870,1783334485304763870,,1783334485304751342,1783334485304751342,,2,1.000000000000,1.000000000000,1.000000000000,,0.577107916288,,1
1157,274172,274172,274172,-13988,,1783334485304595579,1783334485304883739,1783334485304883739,,1783334485304869751,1783334485304869751,,2,1.000000000000,1.000000000000,1.000000000000,,0.577906030798,,1
1158,275361,275361,275361,-10766,,1783334485304714160,1783334485305000287,1783334485305000287,,1783334485304989521,1783334485304989521,,2,1.000000000000,1.000000000000,1.000000000000,,0.576533402959,,1
1159,276351,276351,276351,-10955,,1783334485304831610,1783334485305118916,1783334485305118916,,1783334485305107961,1783334485305107961,,0,1.000000000000,1.000000000000,1.000000000000,,0.575392996196,,1
1160,271948,271948,271948,-14115,,1783334485304949162,1783334485305235225,1783334485305235225,,1783334485305221110,1783334485305221110,,0,1.000000000000,1.000000000000,1.000000000000,,0.580482282159,,1
1161,273327,273327,273327,-14814,,1783334485305066683,1783334485305354824,1783334485305354824,,1783334485305340010,1783334485305340010,,0,1.000000000000,1.000000000000,1.000000000000,,0.578883517734,,1
1162,274736,274736,274736,-14763,,1783334485305195423,1783334485305484922,1783334485305484922,,1783334485305470159,1783334485305470159,,3,1.000000000000,1.000000000000,1.000000000000,,0.577254520317,,1
1163,274646,274646,274646,-13591,,1783334485305316194,1783334485305604431,1783334485305604431,,1783334485305590840,1783334485305590840,,2,1.000000000000,1.000000000000,1.000000000000,,0.577358435482,,1
1164,276774,276774,276774,-10801,,1783334485305434625,1783334485305722200,1783334485305722200,,1783334485305711399,1783334485305711399,,1,1.000000000000,1.000000000000,1.000000000000,,0.574906419572,,1
1165,276754,276754,276754,-15180,,1783334485305554065,1783334485305845999,1783334485305845999,,1783334485305830819,1783334485305830819,,2,1.000000000000,1.000000000000,1.000000000000,,0.574929416289,,1
1166,279192,279192,279192,-14169,,1783334485305674506,1783334485305967867,1783334485305967867,,1783334485305953698,1783334485305953698,,3,1.000000000000,1.000000000000,1.000000000000,,0.572132883942,,1
1167,271801,271801,271801,-14958,,1783334485305797077,1783334485306083836,1783334485306083836,,1783334485306068878,1783334485306068878,,1,1.000000000000,1.000000000000,1.000000000000,,0.580652969040,,1
1168,272320,272320,272320,-13897,,1783334485305914608,1783334485306200825,1783334485306200825,,1783334485306186928,1783334485306186928,,0,1.000000000000,1.000000000000,1.000000000000,,0.580050563960,,1
1169,281948,281948,281948,-10056,,1783334485306031829,1783334485306323833,1783334485306323833,,1783334485306313777,1783334485306313777,,2,1.000000000000,1.000000000000,1.000000000000,,0.568987962850,,1
1170,275137,275137,275137,-14125,,1783334485306151450,1783334485306440712,1783334485306440712,,1783334485306426587,1783334485306426587,,3,1.000000000000,1.000000000000,1.000000000000,,0.576791747788,,1
1171,277386,277386,277386,-8595,,1783334485306272550,1783334485306558531,1783334485306558531,,1783334485306549936,1783334485306549936,,1,1.000000000000,1.000000000000,1.000000000000,,0.574203164594,,1
1172,275875,275875,275875,-13334,,1783334485306394661,1783334485306683870,1783334485306683870,,1783334485306670536,1783334485306670536,,1,1.000000000000,1.000000000000,1.000000000000,,0.575941031152,,1
1173,275783,275783,275783,-13663,,1783334485306514902,1783334485306804348,1783334485306804348,,1783334485306790685,1783334485306790685,,2,1.000000000000,1.000000000000,1.000000000000,,0.576047014051,,1
1174,273873,273873,273873,-12913,,1783334485306633152,1783334485306919938,1783334485306919938,,1783334485306907025,1783334485306907025,,1,1.000000000000,1.000000000000,1.000000000000,,0.578251721956,,1
1175,274021,274021,274021,-13972,,1783334485306753464,1783334485307041457,1783334485307041457,,1783334485307027485,1783334485307027485,,1,1.000000000000,1.000000000000,1.000000000000,,0.578080584776,,1
1176,272089,272089,272089,-13642,,1783334485306870715,1783334485307156446,1783334485307156446,,1783334485307142804,1783334485307142804,,0,1.000000000000,1.000000000000,1.000000000000,,0.580318609234,,1
1177,277699,277699,277699,-10321,,1783334485306988035,1783334485307276055,1783334485307276055,,1783334485307265734,1783334485307265734,,3,1.000000000000,1.000000000000,1.000000000000,,0.573843825898,,1
1178,273097,273097,273097,-13930,,1783334485307105446,1783334485307392473,1783334485307392473,,1783334485307378543,1783334485307378543,,3,1.000000000000,1.000000000000,1.000000000000,,0.579149865408,,1
1179,274246,274246,274246,-12399,,1783334485307230387,1783334485307517032,1783334485307517032,,1783334485307504633,1783334485307504633,,1,1.000000000000,1.000000000000,1.000000000000,,0.577820507035,,1
1180,282365,282365,282365,-8859,,1783334485307349427,1783334485307640651,1783334485307640651,,1783334485307631792,1783334485307631792,,2,1.000000000000,1.000000000000,1.000000000000,,0.568513624716,,1
1181,276864,276864,276864,-11767,,1783334485307468678,1783334485307757309,1783334485307757309,,1783334485307745542,1783334485307745542,,3,1.000000000000,1.000000000000,1.000000000000,,0.574802945730,,1
1182,276682,276682,276682,-12747,,1783334485307588019,1783334485307877448,1783334485307877448,,1783334485307864701,1783334485307864701,,1,1.000000000000,1.000000000000,1.000000000000,,0.575012212086,,1
1183,274701,274701,274701,-12916,,1783334485307706560,1783334485307994177,1783334485307994177,,1783334485307981261,1783334485307981261,,0,1.000000000000,1.000000000000,1.000000000000,,0.577294929547,,1
1184,278620,278620,278620,-10935,,1783334485307828651,1783334485308118206,1783334485308118206,,1783334485308107271,1783334485308107271,,1,1.000000000000,1.000000000000,1.000000000000,,0.572787778489,,1
1185,275729,275729,275729,-13294,,1783334485307946161,1783334485308235184,1783334485308235184,,1783334485308221890,1783334485308221890,,0,1.000000000000,1.000000000000,1.000000000000,,0.576109230489,,1
1186,276098,276098,276098,-13853,,1783334485308063652,1783334485308353603,1783334485308353603,,1783334485308339750,1783334485308339750,,1,1.000000000000,1.000000000000,1.000000000000,,0.575684218725,,1
1187,280446,280446,280446,-7923,,1783334485308186193,1783334485308474562,1783334485308474562,,1783334485308466639,1783334485308466639,,1,1.000000000000,1.000000000000,1.000000000000,,0.570699772542,,1
1188,292317,292317,292317,-5121,,1783334485308307023,1783334485308604461,1783334485308604461,,1783334485308599340,1783334485308599340,,1,1.000000000000,1.000000000000,1.000000000000,,0.557309799876,,1
1189,274375,274375,274375,-14350,,1783334485308427544,1783334485308716269,1783334485308716269,,1783334485308701919,1783334485308701919,,0,1.000000000000,1.000000000000,1.000000000000,,0.577671448573,,1
1190,272043,272043,272043,-14889,,1783334485308547596,1783334485308834528,1783334485308834528,,1783334485308819639,1783334485308819639,,1,1.000000000000,1.000000000000,1.000000000000,,0.580372001002,,1
1191,277132,277132,277132,-14739,,1783334485308670056,1783334485308961927,1783334485308961927,,1783334485308947188,1783334485308947188,,2,1.000000000000,1.000000000000,1.000000000000,,0.574494933905,,1
1192,273491,273491,273491,-13498,,1783334485308790747,1783334485309077736,1783334485309077736,,1783334485309064238,1783334485309064238,,0,1.000000000000,1.000000000000,1.000000000000,,0.578693675076,,1
1193,272190,272190,272190,-14446,,1783334485308908378,1783334485309195014,1783334485309195014,,1783334485309180568,1783334485309180568,,2,1.000000000000,1.000000000000,1.000000000000,,0.580201396714,,1
1194,273209,273209,273209,-13986,,1783334485309025688,1783334485309312883,1783334485309312883,,1783334485309298897,1783334485309298897,,3,1.000000000000,1.000000000000,1.000000000000,,0.579020150367,,1
1195,277198,277198,277198,-11855,,1783334485309142759,1783334485309431812,1783334485309431812,,1783334485309419957,1783334485309419957,,0,1.000000000000,1.000000000000,1.000000000000,,0.574419105579,,1
1196,279396,279396,279396,-9555,,1783334485309267050,1783334485309556001,1783334485309556001,,1783334485309546446,1783334485309546446,,2,1.000000000000,1.000000000000,1.000000000000,,0.571899501338,,1
1197,280006,280006,280006,-14053,,1783334485309390840,1783334485309684899,1783334485309684899,,1783334485309670846,1783334485309670846,,2,1.000000000000,1.000000000000,1.000000000000,,0.571202209381,,1
1198,277703,277703,277703,-13233,,1783334485309510742,1783334485309801678,1783334485309801678,,1783334485309788445,1783334485309788445,,3,1.000000000000,1.000000000000,1.000000000000,,0.573839235166,,1
1199,278402,278402,278402,-13373,,1783334485309630093,1783334485309921868,1783334485309921868,,1783334485309908495,1783334485309908495,,0,1.000000000000,1.000000000000,1.000000000000,,0.573037568411,,1
1200,272431,272431,272431,-14923,,1783334485309750413,1783334485310037767,1783334485310037767,,1783334485310022844,1783334485310022844,,3,1.000000000000,1.000000000000,1.000000000000,,0.579921807027,,1
1201,273250,273250,273250,-14891,,1783334485309868824,1783334485310156965,1783334485310156965,,1783334485310142074,1783334485310142074,,0,1.000000000000,1.000000000000,1.000000000000,,0.578972672661,,1
1202,277919,277919,277919,-13980,,1783334485309991925,1783334485310283824,1783334485310283824,,1783334485310269844,1783334485310269844,,2,1.000000000000,1.000000000000,1.000000000000,,0.573591390155,,1
1203,274638,274638,274638,-11890,,1783334485310111135,1783334485310397663,1783334485310397663,,1783334485310385773,1783334485310385773,,2,1.000000000000,1.000000000000,1.000000000000,,0.577367673291,,1
1204,276427,276427,276427,-9958,,1783334485310237186,1783334485310523571,1783334485310523571,,1783334485310513613,1783334485310513613,,0,1.000000000000,1.000000000000,1.000000000000,,0.575305543107,,1
1205,277884,277884,277884,-12978,,1783334485310354888,1783334485310645750,1783334485310645750,,1783334485310632772,1783334485310632772,,0,1.000000000000,1.000000000000,1.000000000000,,0.573631542957,,1
1206,275054,275054,275054,-14207,,1783334485310473968,1783334485310763229,1783334485310763229,,1783334485310749022,1783334485310749022,,3,1.000000000000,1.000000000000,1.000000000000,,0.576887503166,,1
1207,273852,273852,273852,-14197,,1783334485310594009,1783334485310882058,1783334485310882058,,1783334485310867861,1783334485310867861,,1,1.000000000000,1.000000000000,1.000000000000,,0.578276009039,,1
1208,272801,272801,272801,-14255,,1783334485310712960,1783334485311000016,1783334485311000016,,1783334485310985761,1783334485310985761,,1,1.000000000000,1.000000000000,1.000000000000,,0.579492823634,,1
1209,272251,272251,272251,-14604,,1783334485310833290,1783334485311120145,1783334485311120145,,1783334485311105541,1783334485311105541,,0,1.000000000000,1.000000000000,1.000000000000,,0.580130616461,,1
1210,278569,278569,278569,-10624,,1783334485310955881,1783334485311245074,1783334485311245074,,1783334485311234450,1783334485311234450,,3,1.000000000000,1.000000000000,1.000000000000,,0.572846205822,,1
1211,273228,273228,273228,-15233,,1783334485311073422,1783334485311361883,1783334485311361883,,1783334485311346650,1783334485311346650,,3,1.000000000000,1.000000000000,1.000000000000,,0.578998148019,,1
1212,271477,271477,271477,-14782,,1783334485311195542,1783334485311481801,1783334485311481801,,1783334485311467019,1783334485311467019,,3,1.000000000000,1.000000000000,1.000000000000,,0.581029354099,,1
1213,280456,280456,280456,-12780,,1783334485311318654,1783334485311611890,1783334485311611890,,1783334485311599110,1783334485311599110,,3,1.000000000000,1.000000000000,1.000000000000,,0.570688358660,,1
1214,276154,276154,276154,-14250,,1783334485311439305,1783334485311729709,1783334485311729709,,1783334485311715459,1783334485311715459,,0,1.000000000000,1.000000000000,1.000000000000,,0.575619745703,,1
1215,279754,279754,279754,-8799,,1783334485311558295,1783334485311846848,1783334485311846848,,1783334485311838049,1783334485311838049,,2,1.000000000000,1.000000000000,1.000000000000,,0.571490167854,,1
1216,275453,275453,275453,-13477,,1783334485311677596,1783334485311966526,1783334485311966526,,1783334485311953049,1783334485311953049,,3,1.000000000000,1.000000000000,1.000000000000,,0.576427330571,,1
1217,278901,278901,278901,-11797,,1783334485311796797,1783334485312087495,1783334485312087495,,1783334485312075698,1783334485312075698,,1,1.000000000000,1.000000000000,1.000000000000,,0.572465962196,,1
1218,272561,272561,272561,-14146,,1783334485311915697,1783334485312202404,1783334485312202404,,1783334485312188258,1783334485312188258,,2,1.000000000000,1.000000000000,1.000000000000,,0.579771046957,,1
1219,288829,288829,288829,-9195,,1783334485312032878,1783334485312330902,1783334485312330902,,1783334485312321707,1783334485312321707,,0,1.000000000000,1.000000000000,1.000000000000,,0.561211185251,,1
1220,274907,274907,274907,-12934,,1783334485312149780,1783334485312437621,1783334485312437621,,1783334485312424687,1783334485312424687,,3,1.000000000000,1.000000000000,1.000000000000,,0.577057133026,,1
1221,278216,278216,278216,-10294,,1783334485312268000,1783334485312556510,1783334485312556510,,1783334485312546216,1783334485312546216,,3,1.000000000000,1.000000000000,1.000000000000,,0.573250778041,,1
1222,275085,275085,275085,-13963,,1783334485312385611,1783334485312674659,1783334485312674659,,1783334485312660696,1783334485312660696,,0,1.000000000000,1.000000000000,1.000000000000,,0.576851737249,,1
1223,272345,272345,272345,-14262,,1783334485312502971,1783334485312789578,1783334485312789578,,1783334485312775316,1783334485312775316,,3,1.000000000000,1.000000000000,1.000000000000,,0.580021562157,,1
1224,280793,280793,280793,-9502,,1783334485312620252,1783334485312910547,1783334485312910547,,1783334485312901045,1783334485312901045,,1,1.000000000000,1.000000000000,1.000000000000,,0.570303844302,,1
1225,279262,279262,279262,-14121,,1783334485312739663,1783334485313033046,1783334485313033046,,1783334485313018925,1783334485313018925,,1,1.000000000000,1.000000000000,1.000000000000,,0.572052790944,,1
1226,273791,273791,273791,-13831,,1783334485312859863,1783334485313147485,1783334485313147485,,1783334485313133654,1783334485313133654,,1,1.000000000000,1.000000000000,1.000000000000,,0.578346563015,,1
1227,273880,273880,273880,-13710,,1783334485312978754,1783334485313266344,1783334485313266344,,1783334485313252634,1783334485313252634,,3,1.000000000000,1.000000000000,1.000000000000,,0.578243626489,,1
1228,277477,277477,277477,-12190,,1783334485313097366,1783334485313387033,1783334485313387033,,1783334485313374843,1783334485313374843,,0,1.000000000000,1.000000000000,1.000000000000,,0.574098669128,,1
1229,273497,273497,273497,-13658,,1783334485313216546,1783334485313503701,1783334485313503701,,1783334485313490043,1783334485313490043,,1,1.000000000000,1.000000000000,1.000000000000,,0.578686730794,,1
1230,279296,279296,279296,-13427,,1783334485313339237,1783334485313631960,1783334485313631960,,1783334485313618533,1783334485313618533,,2,1.000000000000,1.000000000000,1.000000000000,,0.572013892677,,1
1231,271444,271444,271444,-14727,,1783334485313456908,1783334485313743079,1783334485313743079,,1783334485313728352,1783334485313728352,,3,1.000000000000,1.000000000000,1.000000000000,,0.581067703302,,1
1232,279314,279314,279314,-14376,,1783334485313574908,1783334485313868598,1783334485313868598,,1783334485313854222,1783334485313854222,,0,1.000000000000,1.000000000000,1.000000000000,,0.571993300548,,1
1233,271742,271742,271742,-15265,,1783334485313702789,1783334485313989796,1783334485313989796,,1783334485313974531,1783334485313974531,,0,1.000000000000,1.000000000000,1.000000000000,,0.580721490133,,1
1234,271911,271911,271911,-14484,,1783334485313823070,1783334485314109465,1783334485314109465,,1783334485314094981,1783334485314094981,,3,1.000000000000,1.000000000000,1.000000000000,,0.580525239437,,1
1235,276750,276750,276750,-11614,,1783334485313940760,1783334485314229124,1783334485314229124,,1783334485314217510,1783334485314217510,,2,1.000000000000,1.000000000000,1.000000000000,,0.574934015743,,1
1236,273858,273858,273858,-13983,,1783334485314058292,1783334485314346133,1783334485314346133,,1783334485314332150,1783334485314332150,,2,1.000000000000,1.000000000000,1.000000000000,,0.578269069768,,1
1237,283327,283327,283327,-15211,,1783334485314175563,1783334485314474101,1783334485314474101,,1783334485314458890,1783334485314458890,,3,1.000000000000,1.000000000000,1.000000000000,,0.567420856082,,1
1238,286257,286257,286257,-12580,,1783334485314298693,1783334485314597530,1783334485314597530,,1783334485314584950,1783334485314584950,,1,1.000000000000,1.000000000000,1.000000000000,,0.564105493366,,1
1239,279866,279866,279866,-12229,,1783334485314418154,1783334485314710249,1783334485314710249,,1783334485314698020,1783334485314698020,,2,1.000000000000,1.000000000000,1.000000000000,,0.571362168393,,1
1240,272414,272414,272414,-15069,,1783334485314538455,1783334485314825938,1783334485314825938,,1783334485314810869,1783334485314810869,,3,1.000000000000,1.000000000000,1.000000000000,,0.579941524704,,1
1241,272364,272364,272364,-15087,,1783334485314657015,1783334485314944466,1783334485314944466,,1783334485314929379,1783334485314929379,,2,1.000000000000,1.000000000000,1.000000000000,,0.579999521756,,1
1242,273102,273102,273102,-14287,,1783334485314775666,1783334485315063055,1783334485315063055,,1783334485315048768,1783334485315048768,,2,1.000000000000,1.000000000000,1.000000000000,,0.579144073938,,1
1243,281170,281170,281170,-7196,,1783334485314894918,1783334485315183284,1783334485315183284,,1783334485315176088,1783334485315176088,,1,1.000000000000,1.000000000000,1.000000000000,,0.569873997276,,1
1244,279329,279329,279329,-11066,,1783334485315012448,1783334485315302843,1783334485315302843,,1783334485315291777,1783334485315291777,,1,1.000000000000,1.000000000000,1.000000000000,,0.571976141006,,1
1245,275028,275028,275028,-14134,,1783334485315133489,1783334485315422651,1783334485315422651,,1783334485315408517,1783334485315408517,,0,1.000000000000,1.000000000000,1.000000000000,,0.576917502096,,1
1246,276247,276247,276247,-14283,,1783334485315263600,1783334485315554130,1783334485315554130,,1783334485315539847,1783334485315539847,,3,1.000000000000,1.000000000000,1.000000000000,,0.575512690387,,1
1247,275906,275906,275906,-13023,,1783334485315384310,1783334485315673239,1783334485315673239,,1783334485315660216,1783334485315660216,,0,1.000000000000,1.000000000000,1.000000000000,,0.575905323915,,1
1248,272875,272875,272875,-13622,,1783334485315504881,1783334485315791378,1783334485315791378,,1783334485315777756,1783334485315777756,,0,1.000000000000,1.000000000000,1.000000000000,,0.579407065042,,1
1249,284673,284673,284673,-11412,,1783334485315622252,1783334485315918337,1783334485315918337,,1783334485315906925,1783334485315906925,,1,1.000000000000,1.000000000000,1.000000000000,,0.565895413305,,1
1250,278593,278593,278593,-9771,,1783334485315741782,1783334485316030146,1783334485316030146,,1783334485316020375,1783334485316020375,,2,1.000000000000,1.000000000000,1.000000000000,,0.572818709864,,1
1251,275400,275400,275400,-11711,,1783334485315864954,1783334485316152065,1783334485316152065,,1783334485316140354,1783334485316140354,,0,1.000000000000,1.000000000000,1.000000000000,,0.576488435107,,1
1252,273969,273969,273969,-12520,,1783334485315983425,1783334485316269914,1783334485316269914,,1783334485316257394,1783334485316257394,,0,1.000000000000,1.000000000000,1.000000000000,,0.578140708283,,1
1253,279478,279478,279478,-12499,,1783334485316100995,1783334485316392972,1783334485316392972,,1783334485316380473,1783334485316380473,,3,1.000000000000,1.000000000000,1.000000000000,,0.571805717510,,1
1254,277317,277317,277317,-12048,,1783334485316219446,1783334485316508811,1783334485316508811,,1783334485316496763,1783334485316496763,,3,1.000000000000,1.000000000000,1.000000000000,,0.574282410099,,1
1255,275556,275556,275556,-14197,,1783334485316338547,1783334485316628300,1783334485316628300,,1783334485316614103,1783334485316614103,,0,1.000000000000,1.000000000000,1.000000000000,,0.576308598771,,1
1256,276535,276535,276535,-13037,,1783334485316458717,1783334485316748289,1783334485316748289,,1783334485316735252,1783334485316735252,,3,1.000000000000,1.000000000000,1.000000000000,,0.575181290530,,1
1257,273234,273234,273234,-14115,,1783334485316580118,1783334485316867467,1783334485316867467,,1783334485316853352,1783334485316853352,,0,1.000000000000,1.000000000000,1.000000000000,,0.578991200083,,1
1258,271552,271552,271552,-15425,,1783334485316700259,1783334485316987236,1783334485316987236,,1783334485316971811,1783334485316971811,,0,1.000000000000,1.000000000000,1.000000000000,,0.580942206232,,1
1259,271711,271711,271711,-15224,,1783334485316820610,1783334485317107545,1783334485317107545,,1783334485317092321,1783334485317092321,,1,1.000000000000,1.000000000000,1.000000000000,,0.580757495981,,1
1260,276279,276279,276279,-14514,,1783334485316939351,1783334485317230144,1783334485317230144,,1783334485317215630,1783334485317215630,,3,1.000000000000,1.000000000000,1.000000000000,,0.575475858753,,1
1261,270879,270879,270879,-14972,,1783334485317057961,1783334485317343812,1783334485317343812,,1783334485317328840,1783334485317328840,,0,1.000000000000,1.000000000000,1.000000000000,,0.581724680929,,1
1262,275827,275827,275827,-14442,,1783334485317174982,1783334485317465251,1783334485317465251,,1783334485317450809,1783334485317450809,,0,1.000000000000,1.000000000000,1.000000000000,,0.575996324145,,1
1263,280807,280807,280807,-14380,,1783334485317288393,1783334485317583580,1783334485317583580,,1783334485317569200,1783334485317569200,,3,1.000000000000,1.000000000000,1.000000000000,,0.570287876018,,1
1264,276247,276247,276247,-11299,,1783334485317408353,1783334485317695899,1783334485317695899,,1783334485317684600,1783334485317684600,,3,1.000000000000,1.000000000000,1.000000000000,,0.575512690387,,1
1265,274435,274435,274435,-14348,,1783334485317525764,1783334485317814547,1783334485317814547,,1783334485317800199,1783334485317800199,,1,1.000000000000,1.000000000000,1.000000000000,,0.577602132159,,1
1266,275253,275253,275253,-11507,,1783334485317646256,1783334485317933016,1783334485317933016,,1783334485317921509,1783334485317921509,,2,1.000000000000,1.000000000000,1.000000000000,,0.576657947624,,1
1267,275722,275722,275722,-13407,,1783334485317768606,1783334485318057735,1783334485318057735,,1783334485318044328,1783334485318044328,,3,1.000000000000,1.000000000000,1.000000000000,,0.576117296074,,1
1268,273181,273181,273181,-13906,,1783334485317891737,1783334485318178824,1783334485318178824,,1783334485318164918,1783334485318164918,,0,1.000000000000,1.000000000000,1.000000000000,,0.579052576403,,1
1269,282339,282339,282339,-12145,,1783334485318010178,1783334485318304662,1783334485318304662,,1783334485318292517,1783334485318292517,,1,1.000000000000,1.000000000000,1.000000000000,,0.568543188193,,1
1270,273749,273749,273749,-14474,,1783334485318136918,1783334485318425141,1783334485318425141,,1783334485318410667,1783334485318410667,,3,1.000000000000,1.000000000000,1.000000000000,,0.578395146167,,1
1271,281227,281227,281227,-8854,,1783334485318259779,1783334485318549860,1783334485318549860,,1783334485318541006,1783334485318541006,,0,1.000000000000,1.000000000000,1.000000000000,,0.569809035344,,1
1272,277406,277406,277406,-11182,,1783334485318379950,1783334485318668538,1783334485318668538,,1783334485318657356,1783334485318657356,,3,1.000000000000,1.000000000000,1.000000000000,,0.574180196927,,1
1273,273585,273585,273585,-13471,,1783334485318497551,1783334485318784607,1783334485318784607,,1783334485318771136,1783334485318771136,,1,1.000000000000,1.000000000000,1.000000000000,,0.578584890892,,1
1274,278423,278423,278423,-10952,,1783334485318618012,1783334485318907387,1783334485318907387,,1783334485318896435,1783334485318896435,,3,1.000000000000,1.000000000000,1.000000000000,,0.573013501338,,1
1275,277242,277242,277242,-9901,,1783334485318738343,1783334485319025486,1783334485319025486,,1783334485319015585,1783334485319015585,,3,1.000000000000,1.000000000000,1.000000000000,,0.574368558921,,1
1276,271841,271841,271841,-14461,,1783334485318856203,1783334485319142505,1783334485319142505,,1783334485319128044,1783334485319128044,,0,1.000000000000,1.000000000000,1.000000000000,,0.580606518660,,1
1277,271690,271690,271690,-14469,,1783334485318974184,1783334485319260343,1783334485319260343,,1783334485319245874,1783334485319245874,,0,1.000000000000,1.000000000000,1.000000000000,,0.580781888308,,1
1278,278018,278018,278018,-13969,,1783334485319092055,1783334485319384042,1783334485319384042,,1783334485319370073,1783334485319370073,,0,1.000000000000,1.000000000000,1.000000000000,,0.573477830302,,1
1279,273738,273738,273738,-14248,,1783334485319211755,1783334485319499741,1783334485319499741,,1783334485319485493,1783334485319485493,,3,1.000000000000,1.000000000000,1.000000000000,,0.578407871000,,1
1280,277676,277676,277676,-13137,,1783334485319330306,1783334485319621119,1783334485319621119,,1783334485319607982,1783334485319607982,,3,1.000000000000,1.000000000000,1.000000000000,,0.573870223321,,1
1281,277784,277784,277784,-13256,,1783334485319450608,1783334485319741648,1783334485319741648,,1783334485319728392,1783334485319728392,,1,1.000000000000,1.000000000000,1.000000000000,,0.573746280739,,1
1282,280144,280144,280144,-9465,,1783334485319569058,1783334485319858667,1783334485319858667,,1783334485319849202,1783334485319849202,,3,1.000000000000,1.000000000000,1.000000000000,,0.571044579325,,1
1283,277862,277862,277862,-11785,,1783334485319689539,1783334485319979186,1783334485319979186,,1783334485319967401,1783334485319967401,,0,1.000000000000,1.000000000000,1.000000000000,,0.573656783300,,1
1284,279851,279851,279851,-8823,,1783334485319808460,1783334485320097134,1783334485320097134,,1783334485320088311,1783334485320088311,,1,1.000000000000,1.000000000000,1.000000000000,,0.571379309515,,1
1285,281540,281540,281540,-9633,,1783334485319929840,1783334485320221013,1783334485320221013,,1783334485320211380,1783334485320211380,,1,1.000000000000,1.000000000000,1.000000000000,,0.569452446512,,1
1286,284169,284169,284169,-12532,,1783334485320042991,1783334485320339692,1783334485320339692,,1783334485320327160,1783334485320327160,,3,1.000000000000,1.000000000000,1.000000000000,,0.566466123471,,1
1287,271918,271918,271918,-11752,,1783334485320167161,1783334485320450831,1783334485320450831,,1783334485320439079,1783334485320439079,,3,1.000000000000,1.000000000000,1.000000000000,,0.580517112141,,1
1288,277546,277546,277546,-5871,,1783334485320284793,1783334485320568210,1783334485320568210,,1783334485320562339,1783334485320562339,,2,1.000000000000,1.000000000000,1.000000000000,,0.574019448978,,1
1289,277856,277856,277856,-10998,,1783334485320404584,1783334485320693438,1783334485320693438,,1783334485320682440,1783334485320682440,,0,1.000000000000,1.000000000000,1.000000000000,,0.573663667223,,1
1290,272655,272655,272655,-12788,,1783334485320527514,1783334485320812957,1783334485320812957,,1783334485320800169,1783334485320800169,,2,1.000000000000,1.000000000000,1.000000000000,,0.579662060246,,1
1291,269354,269354,269354,-13117,,1783334485320645895,1783334485320928366,1783334485320928366,,1783334485320915249,1783334485320915249,,1,1.000000000000,1.000000000000,1.000000000000,,0.583501649706,,1
1292,270972,270972,270972,-13607,,1783334485320768416,1783334485321052995,1783334485321052995,,1783334485321039388,1783334485321039388,,1,1.000000000000,1.000000000000,1.000000000000,,0.581616490201,,1
1293,272952,272952,272952,-13935,,1783334485320887646,1783334485321174533,1783334485321174533,,1783334485321160598,1783334485321160598,,3,1.000000000000,1.000000000000,1.000000000000,,0.579317843224,,1
1294,278080,278080,278080,-13665,,1783334485321003447,1783334485321295192,1783334485321295192,,1783334485321281527,1783334485321281527,,1,1.000000000000,1.000000000000,1.000000000000,,0.573406723460,,1
1295,268869,268869,268869,-13884,,1783334485321116928,1783334485321399681,1783334485321399681,,1783334485321385797,1783334485321385797,,3,1.000000000000,1.000000000000,1.000000000000,,0.584067920903,,1
1296,271267,271267,271267,-13474,,1783334485321236109,1783334485321520850,1783334485321520850,,1783334485321507376,1783334485321507376,,1,1.000000000000,1.000000000000,1.000000000000,,0.581273437682,,1
1297,274236,274236,274236,-9932,,1783334485321356760,1783334485321640928,1783334485321640928,,1783334485321630996,1783334485321630996,,3,1.000000000000,1.000000000000,1.000000000000,,0.577832063561,,1
1298,269785,269785,269785,-13141,,1783334485321478731,1783334485321761657,1783334485321761657,,1783334485321748516,1783334485321748516,,2,1.000000000000,1.000000000000,1.000000000000,,0.582998888005,,1
1299,292174,292174,292174,-7142,,1783334485321597211,1783334485321896527,1783334485321896527,,1783334485321889385,1783334485321889385,,2,1.000000000000,1.000000000000,1.000000000000,,0.557469213274,,1
1300,275523,275523,275523,-12861,,1783334485321719802,1783334485322008186,1783334485322008186,,1783334485321995325,1783334485321995325,,3,1.000000000000,1.000000000000,1.000000000000,,0.576346636394,,1
1301,269851,269851,269851,-14510,,1783334485321838163,1783334485322122524,1783334485322122524,,1783334485322108014,1783334485322108014,,3,1.000000000000,1.000000000000,1.000000000000,,0.582921937231,,1
1302,276651,276651,276651,-12219,,1783334485321954053,1783334485322242923,1783334485322242923,,1783334485322230704,1783334485322230704,,0,1.000000000000,1.000000000000,1.000000000000,,0.575047863948,,1
1303,284118,284118,284118,-11089,,1783334485322072985,1783334485322368192,1783334485322368192,,1783334485322357103,1783334485322357103,,3,1.000000000000,1.000000000000,1.000000000000,,0.566523905963,,1
1304,274287,274287,274287,-12478,,1783334485322195726,1783334485322482491,1783334485322482491,,1783334485322470013,1783334485322470013,,2,1.000000000000,1.000000000000,1.000000000000,,0.577773127696,,1
1305,272046,272046,272046,-12588,,1783334485322315206,1783334485322599840,1783334485322599840,,1783334485322587252,1783334485322587252,,0,1.000000000000,1.000000000000,1.000000000000,,0.580368518781,,1
1306,270335,270335,270335,-13706,,1783334485322434787,1783334485322718828,1783334485322718828,,1783334485322705122,1783334485322705122,,0,1.000000000000,1.000000000000,1.000000000000,,0.582357941814,,1
1307,278765,278765,278765,-10495,,1783334485322551047,1783334485322840307,1783334485322840307,,1783334485322829812,1783334485322829812,,1,1.000000000000,1.000000000000,1.000000000000,,0.572621694117,,1
1308,273383,273383,273383,-10565,,1783334485322672048,1783334485322955996,1783334485322955996,,1783334485322945431,1783334485322945431,,0,1.000000000000,1.000000000000,1.000000000000,,0.578818686411,,1
1309,270992,270992,270992,-12184,,1783334485322790069,1783334485323073245,1783334485323073245,,1783334485323061061,1783334485323061061,,3,1.000000000000,1.000000000000,1.000000000000,,0.581593226006,,1
1310,272361,272361,272361,-12923,,1783334485322908139,1783334485323193423,1783334485323193423,,1783334485323180500,1783334485323180500,,0,1.000000000000,1.000000000000,1.000000000000,,0.580003001764,,1
1311,269769,269769,269769,-12602,,1783334485323028561,1783334485323310932,1783334485323310932,,1783334485323298330,1783334485323298330,,2,1.000000000000,1.000000000000,1.000000000000,,0.583017544268,,1
1312,270287,270287,270287,-12872,,1783334485323149682,1783334485323432841,1783334485323432841,,1783334485323419969,1783334485323419969,,2,1.000000000000,1.000000000000,1.000000000000,,0.582413850860,,1
1313,272947,272947,272947,-9561,,1783334485323268952,1783334485323551460,1783334485323551460,,1783334485323541899,1783334485323541899,,0,1.000000000000,1.000000000000,1.000000000000,,0.579323636432,,1
1314,274427,274427,274427,-12748,,1783334485323388083,1783334485323675258,1783334485323675258,,1783334485323662510,1783334485323662510,,2,1.000000000000,1.000000000000,1.000000000000,,0.577611373867,,1
1315,273395,273395,273395,-12348,,1783334485323507364,1783334485323793107,1783334485323793107,,1783334485323780759,1783334485323780759,,2,1.000000000000,1.000000000000,1.000000000000,,0.578804794929,,1
1316,271035,271035,271035,-11367,,1783334485323630844,1783334485323913246,1783334485323913246,,1783334485323901879,1783334485323901879,,1,1.000000000000,1.000000000000,1.000000000000,,0.581543211140,,1
1317,268873,268873,268873,-13147,,1783334485323749305,1783334485324031325,1783334485324031325,,1783334485324018178,1783334485324018178,,1,1.000000000000,1.000000000000,1.000000000000,,0.584063248379,,1
1318,272601,272601,272601,-12955,,1783334485323867237,1783334485324152793,1783334485324152793,,1783334485324139838,1783334485324139838,,0,1.000000000000,1.000000000000,1.000000000000,,0.579724667129,,1
1319,270230,270230,270230,-13125,,1783334485323986467,1783334485324269822,1783334485324269822,,1783334485324256697,1783334485324256697,,1,1.000000000000,1.000000000000,1.000000000000,,0.582480249823,,1
1320,271649,271649,271649,-12334,,1783334485324104828,1783334485324388811,1783334485324388811,,1783334485324376477,1783334485324376477,,1,1.000000000000,1.000000000000,1.000000000000,,0.580829514376,,1
1321,269168,269168,269168,-13364,,1783334485324230628,1783334485324513160,1783334485324513160,,1783334485324499796,1783334485324499796,,3,1.000000000000,1.000000000000,1.000000000000,,0.583718752698,,1
1322,276987,276987,276987,-12072,,1783334485324349489,1783334485324638548,1783334485324638548,,1783334485324626476,1783334485324626476,,3,1.000000000000,1.000000000000,1.000000000000,,0.574661561596,,1
1323,270306,270306,270306,-12771,,1783334485324468840,1783334485324751917,1783334485324751917,,1783334485324739146,1783334485324739146,,2,1.000000000000,1.000000000000,1.000000000000,,0.582391719554,,1
1324,268585,268585,268585,-14172,,1783334485324587950,1783334485324870707,1783334485324870707,,1783334485324856535,1783334485324856535,,2,1.000000000000,1.000000000000,1.000000000000,,0.584399765717,,1
1325,270684,270684,270684,-11851,,1783334485324706481,1783334485324989016,1783334485324989016,,1783334485324977165,1783334485324977165,,0,1.000000000000,1.000000000000,1.000000000000,,0.581951597801,,1
1326,274601,274601,274601,-13210,,1783334485324825393,1783334485325113204,1783334485325113204,,1783334485325099994,1783334485325099994,,1,1.000000000000,1.000000000000,1.000000000000,,0.577410400080,,1
1327,271061,271061,271061,-12119,,1783334485324943893,1783334485325227073,1783334485325227073,,1783334485325214954,1783334485325214954,,1,1.000000000000,1.000000000000,1.000000000000,,0.581512971679,,1
1328,271119,271119,271119,-10909,,1783334485325061934,1783334485325343962,1783334485325343962,,1783334485325333053,1783334485325333053,,0,1.000000000000,1.000000000000,1.000000000000,,0.581445520086,,1
1329,274388,274388,274388,-9848,,1783334485325175305,1783334485325459541,1783334485325459541,,1783334485325449693,1783334485325449693,,3,1.000000000000,1.000000000000,1.000000000000,,0.577656429311,,1
1330,276757,276757,276757,-12577,,1783334485325300605,1783334485325589939,1783334485325589939,,1783334485325577362,1783334485325577362,,3,1.000000000000,1.000000000000,1.000000000000,,0.574925966723,,1
1331,272516,272516,272516,-12346,,1783334485325414306,1783334485325699168,1783334485325699168,,1783334485325686822,1783334485325686822,,0,1.000000000000,1.000000000000,1.000000000000,,0.579823228700,,1
1332,268106,268106,268106,-14275,,1783334485325535086,1783334485325817467,1783334485325817467,,1783334485325803192,1783334485325803192,,1,1.000000000000,1.000000000000,1.000000000000,,0.584959888949,,1
1333,270793,270793,270793,-14045,,1783334485325653668,1783334485325938506,1783334485325938506,,1783334485325924461,1783334485325924461,,0,1.000000000000,1.000000000000,1.000000000000,,0.581824746180,,1
1334,268482,268482,268482,-13263,,1783334485325771029,1783334485326052774,1783334485326052774,,1783334485326039511,1783334485326039511,,3,1.000000000000,1.000000000000,1.000000000000,,0.584520164470,,1
1335,271971,271971,271971,-12263,,1783334485325888559,1783334485326172793,1783334485326172793,,1783334485326160530,1783334485326160530,,2,1.000000000000,1.000000000000,1.000000000000,,0.580455580588,,1
1336,272010,272010,272010,-14352,,1783334485326006150,1783334485326292512,1783334485326292512,,1783334485326278160,1783334485326278160,,1,1.000000000000,1.000000000000,1.000000000000,,0.580410306819,,1
1337,271068,271068,271068,-12422,,1783334485326127381,1783334485326410871,1783334485326410871,,1783334485326398449,1783334485326398449,,1,1.000000000000,1.000000000000,1.000000000000,,0.581504830554,,1
1338,273498,273498,273498,-12490,,1783334485326249961,1783334485326535949,1783334485326535949,,1783334485326523459,1783334485326523459,,2,1.000000000000,1.000000000000,1.000000000000,,0.578685573422,,1
1339,272908,272908,272908,-11808,,1783334485326368802,1783334485326653518,1783334485326653518,,1783334485326641710,1783334485326641710,,2,1.000000000000,1.000000000000,1.000000000000,,0.579368825438,,1
1340,277176,277176,277176,-8098,,1783334485326489163,1783334485326774437,1783334485326774437,,1783334485326766339,1783334485326766339,,3,1.000000000000,1.000000000000,1.000000000000,,0.574444380575,,1
1341,270635,270635,270635,-12847,,1783334485326609424,1783334485326892906,1783334485326892906,,1783334485326880059,1783334485326880059,,2,1.000000000000,1.000000000000,1.000000000000,,0.582008631852,,1
1342,270463,270463,270463,-13726,,1783334485326730125,1783334485327014314,1783334485327014314,,1783334485327000588,1783334485327000588,,1,1.000000000000,1.000000000000,1.000000000000,,0.582208877262,,1
1343,266832,266832,266832,-14165,,1783334485326847386,1783334485327128383,1783334485327128383,,1783334485327114218,1783334485327114218,,3,1.000000000000,1.000000000000,1.000000000000,,0.586452267229,,1
1344,269631,269631,269631,-14875,,1783334485326964716,1783334485327249222,1783334485327249222,,1783334485327234347,1783334485327234347,,2,1.000000000000,1.000000000000,1.000000000000,,0.583178479318,,1
1345,272520,272520,272520,-9944,,1783334485327082047,1783334485327364511,1783334485327364511,,1783334485327354567,1783334485327354567,,0,1.000000000000,1.000000000000,1.000000000000,,0.579818590132,,1
1346,268218,268218,268218,-13563,,1783334485327200988,1783334485327482769,1783334485327482769,,1783334485327469206,1783334485327469206,,0,1.000000000000,1.000000000000,1.000000000000,,0.584828872608,,1
1347,274828,274828,274828,-11862,,1783334485327323758,1783334485327610448,1783334485327610448,,1783334485327598586,1783334485327598586,,1,1.000000000000,1.000000000000,1.000000000000,,0.577148315256,,1
1348,271496,271496,271496,-11681,,1783334485327447280,1783334485327730457,1783334485327730457,,1783334485327718776,1783334485327718776,,2,1.000000000000,1.000000000000,1.000000000000,,0.581007275403,,1
1349,271014,271014,271014,-13102,,1783334485327567511,1783334485327851627,1783334485327851627,,1783334485327838525,1783334485327838525,,0,1.000000000000,1.000000000000,1.000000000000,,0.581567636467,,1
1350,269264,269264,269264,-14470,,1783334485327688371,1783334485327972105,1783334485327972105,,1783334485327957635,1783334485327957635,,3,1.000000000000,1.000000000000,1.000000000000,,0.583606689456,,1
1351,269912,269912,269912,-12810,,1783334485327809672,1783334485328092394,1783334485328092394,,1783334485328079584,1783334485328079584,,0,1.000000000000,1.000000000000,1.000000000000,,0.582850825093,,1
1352,271451,271451,271451,-14549,,1783334485327927233,1783334485328213233,1783334485328213233,,1783334485328198684,1783334485328198684,,0,1.000000000000,1.000000000000,1.000000000000,,0.581059568411,,1
1353,288170,288170,288170,-11418,,1783334485328046353,1783334485328345941,1783334485328345941,,1783334485328334523,1783334485328334523,,2,1.000000000000,1.000000000000,1.000000000000,,0.561951349254,,1
1354,271929,271929,271929,-12457,,1783334485328163624,1783334485328448010,1783334485328448010,,1783334485328435553,1783334485328435553,,2,1.000000000000,1.000000000000,1.000000000000,,0.580504340905,,1
1355,282017,282017,282017,-3447,,1783334485328287075,1783334485328572539,1783334485328572539,,1783334485328569092,1783334485328569092,,3,1.000000000000,1.000000000000,1.000000000000,,0.568909447929,,1
1356,272396,272396,272396,-13296,,1783334485328410066,1783334485328695758,1783334485328695758,,1783334485328682462,1783334485328682462,,0,1.000000000000,1.000000000000,1.000000000000,,0.579962402975,,1
1357,270085,270085,270085,-12285,,1783334485328529447,1783334485328811817,1783334485328811817,,1783334485328799532,1783334485328799532,,2,1.000000000000,1.000000000000,1.000000000000,,0.582649193591,,1
1358,276193,276193,276193,-10454,,1783334485328649708,1783334485328936355,1783334485328936355,,1783334485328925901,1783334485328925901,,2,1.000000000000,1.000000000000,1.000000000000,,0.575574849114,,1
1359,269083,269083,269083,-13353,,1783334485328768358,1783334485329050794,1783334485329050794,,1783334485329037441,1783334485329037441,,3,1.000000000000,1.000000000000,1.000000000000,,0.583817993321,,1
1360,267041,267041,267041,-14123,,1783334485328885889,1783334485329167053,1783334485329167053,,1783334485329152930,1783334485329152930,,3,1.000000000000,1.000000000000,1.000000000000,,0.586207181407,,1
1361,274611,274611,274611,-10162,,1783334485329003279,1783334485329288052,1783334485329288052,,1783334485329277890,1783334485329277890,,2,1.000000000000,1.000000000000,1.000000000000,,0.577398851987,,1
1362,269259,269259,269259,-13691,,1783334485329125200,1783334485329408150,1783334485329408150,,1783334485329394459,1783334485329394459,,3,1.000000000000,1.000000000000,1.000000000000,,0.583612525552,,1
1363,280878,280878,280878,-12340,,1783334485329242641,1783334485329535859,1783334485329535859,,1783334485329523519,1783334485329523519,,0,1.000000000000,1.000000000000,1.000000000000,,0.570206900889,,1
1364,271807,271807,271807,-13489,,1783334485329366452,1783334485329651748,1783334485329651748,,1783334485329638259,1783334485329638259,,3,1.000000000000,1.000000000000,1.000000000000,,0.580646001246,,1
1365,269836,269836,269836,-13228,,1783334485329489343,1783334485329772407,1783334485329772407,,1783334485329759179,1783334485329759179,,1,1.000000000000,1.000000000000,1.000000000000,,0.582939425151,,1
1366,270705,270705,270705,-12966,,1783334485329608034,1783334485329891705,1783334485329891705,,1783334485329878739,1783334485329878739,,1,1.000000000000,1.000000000000,1.000000000000,,0.581927156347,,1
1367,270074,270074,270074,-13946,,1783334485329727734,1783334485330011754,1783334485330011754,,1783334485329997808,1783334485329997808,,1,1.000000000000,1.000000000000,1.000000000000,,0.582662012015,,1
1368,271883,271883,271883,-10295,,1783334485329846215,1783334485330128393,1783334485330128393,,1783334485330118098,1783334485330118098,,3,1.000000000000,1.000000000000,1.000000000000,,0.580557749761,,1
1369,273991,273991,273991,-9395,,1783334485329963566,1783334485330246952,1783334485330246952,,1783334485330237557,1783334485330237557,,3,1.000000000000,1.000000000000,1.000000000000,,0.578115270652,,1
1370,269321,269321,269321,-12994,,1783334485330081096,1783334485330363411,1783334485330363411,,1783334485330350417,1783334485330350417,,2,1.000000000000,1.000000000000,1.000000000000,,0.583540162086,,1
1371,267338,267338,267338,-13983,,1783334485330203178,1783334485330484499,1783334485330484499,,1783334485330470516,1783334485330470516,,2,1.000000000000,1.000000000000,1.000000000000,,0.585859077739,,1
1372,272517,272517,272517,-13052,,1783334485330325899,1783334485330611468,1783334485330611468,,1783334485330598416,1783334485330598416,,3,1.000000000000,1.000000000000,1.000000000000,,0.579822069054,,1
1373,274276,274276,274276,-10782,,1783334485330448589,1783334485330733647,1783334485330733647,,1783334485330722865,1783334485330722865,,0,1.000000000000,1.000000000000,1.000000000000,,0.577785838844,,1
1374,274135,274135,274135,-12711,,1783334485330567070,1783334485330853916,1783334485330853916,,1783334485330841205,1783334485330841205,,3,1.000000000000,1.000000000000,1.000000000000,,0.577948797427,,1
1375,276204,276204,276204,-12540,,1783334485330687381,1783334485330976125,1783334485330976125,,1783334485330963585,1783334485330963585,,3,1.000000000000,1.000000000000,1.000000000000,,0.575562186607,,1
1376,266763,266763,266763,-13970,,1783334485330806531,1783334485331087264,1783334485331087264,,1783334485331073294,1783334485331073294,,0,1.000000000000,1.000000000000,1.000000000000,,0.586533203226,,1
1377,279222,279222,279222,-9879,,1783334485330923762,1783334485331212863,1783334485331212863,,1783334485331202984,1783334485331202984,,3,1.000000000000,1.000000000000,1.000000000000,,0.572098556998,,1
1378,269320,269320,269320,-13069,,1783334485331042913,1783334485331325302,1783334485331325302,,1783334485331312233,1783334485331312233,,0,1.000000000000,1.000000000000,1.000000000000,,0.583541329167,,1
1379,270839,270839,270839,-12317,,1783334485331162934,1783334485331446090,1783334485331446090,,1783334485331433773,1783334485331433773,,0,1.000000000000,1.000000000000,1.000000000000,,0.581771220765,,1
1380,286237,286237,286237,1963,,1783334485331280885,1783334485331565159,1783334485331565159,,1783334485331567122,1783334485331567122,,0,1.000000000000,1.000000000000,1.000000000000,,0.564128058037,,1
1381,271946,271946,271946,-13386,,1783334485331403786,1783334485331689118,1783334485331689118,,1783334485331675732,1783334485331675732,,2,1.000000000000,1.000000000000,1.000000000000,,0.580484604093,,1
1382,269175,269175,269175,-14436,,1783334485331522516,1783334485331806127,1783334485331806127,,1783334485331791691,1783334485331791691,,3,1.000000000000,1.000000000000,1.000000000000,,0.583710580693,,1
1383,274644,274644,274644,-9414,,1783334485331641417,1783334485331925475,1783334485331925475,,1783334485331916061,1783334485331916061,,1,1.000000000000,1.000000000000,1.000000000000,,0.577360744921,,1
1384,272773,272773,272773,-12873,,1783334485331762048,1783334485332047694,1783334485332047694,,1783334485332034821,1783334485332034821,,3,1.000000000000,1.000000000000,1.000000000000,,0.579525276140,,1
1385,268952,268952,268952,-13583,,1783334485331882658,1783334485332165193,1783334485332165193,,1783334485332151610,1783334485332151610,,1,1.000000000000,1.000000000000,1.000000000000,,0.583970973675,,1
1386,269590,269590,269590,-12912,,1783334485332000270,1783334485332282772,1783334485332282772,,1783334485332269860,1783334485332269860,,0,1.000000000000,1.000000000000,1.000000000000,,0.583226301914,,1
1387,276008,276008,276008,-12231,,1783334485332117771,1783334485332406010,1783334485332406010,,1783334485332393779,1783334485332393779,,0,1.000000000000,1.000000000000,1.000000000000,,0.575787851211,,1
1388,281138,281138,281138,-9790,,1783334485332235721,1783334485332526649,1783334485332526649,,1783334485332516859,1783334485332516859,,0,1.000000000000,1.000000000000,1.000000000000,,0.569910470379,,1
1389,278997,278997,278997,-10289,,1783334485332358912,1783334485332648198,1783334485332648198,,1783334485332637909,1783334485332637909,,0,1.000000000000,1.000000000000,1.000000000000,,0.572356059283,,1
1390,276256,276256,276256,-14018,,1783334485332477943,1783334485332768217,1783334485332768217,,1783334485332754199,1783334485332754199,,1,1.000000000000,1.000000000000,1.000000000000,,0.575502331252,,1
1391,282875,282875,282875,-14407,,1783334485332596503,1783334485332893785,1783334485332893785,,1783334485332879378,1783334485332879378,,0,1.000000000000,1.000000000000,1.000000000000,,0.567934036459,,1
1392,274384,274384,274384,-12446,,1783334485332716764,1783334485333003594,1783334485333003594,,1783334485332991148,1783334485332991148,,0,1.000000000000,1.000000000000,1.000000000000,,0.577661050581,,1
1393,272454,272454,272454,-13625,,1783334485332835404,1783334485333121483,1783334485333121483,,1783334485333107858,1783334485333107858,,2,1.000000000000,1.000000000000,1.000000000000,,0.579895131238,,1
1394,274441,274441,274441,-14915,,1783334485332952756,1783334485333242112,1783334485333242112,,1783334485333227197,1783334485333227197,,1,1.000000000000,1.000000000000,1.000000000000,,0.577595200975,,1
1395,274370,274370,274370,-14043,,1783334485333071647,1783334485333360060,1783334485333360060,,1783334485333346017,1783334485333346017,,0,1.000000000000,1.000000000000,1.000000000000,,0.577677225317,,1
1396,272759,272759,272759,-13393,,1783334485333193807,1783334485333479959,1783334485333479959,,1783334485333466566,1783334485333466566,,2,1.000000000000,1.000000000000,1.000000000000,,0.579541503075,,1
1397,281048,281048,281048,-8922,,1783334485333311078,1783334485333601048,1783334485333601048,,1783334485333592126,1783334485333592126,,2,1.000000000000,1.000000000000,1.000000000000,,0.570013063497,,1
1398,274446,274446,274446,-12922,,1783334485333433109,1783334485333720477,1783334485333720477,,1783334485333707555,1783334485333707555,,0,1.000000000000,1.000000000000,1.000000000000,,0.577589425051,,1
1399,274076,274076,274076,-15191,,1783334485333553349,1783334485333842616,1783334485333842616,,1783334485333827425,1783334485333827425,,0,1.000000000000,1.000000000000,1.000000000000,,0.578016999409,,1
1400,272295,272295,272295,-14610,,1783334485333675900,1783334485333962805,1783334485333962805,,1783334485333948195,1783334485333948195,,3,1.000000000000,1.000000000000,1.000000000000,,0.580079567213,,1
1401,272082,272082,272082,-13900,,1783334485333797902,1783334485334083884,1783334485334083884,,1783334485334069984,1783334485334069984,,1,1.000000000000,1.000000000000,1.000000000000,,0.580326733752,,1
1402,277812,277812,277812,-13278,,1783334485333916522,1783334485334207612,1783334485334207612,,1783334485334194334,1783334485334194334,,3,1.000000000000,1.000000000000,1.000000000000,,0.573714151847,,1
1403,274980,274980,274980,-13298,,1783334485334033763,1783334485334322041,1783334485334322041,,1783334485334308743,1783334485334308743,,0,1.000000000000,1.000000000000,1.000000000000,,0.576972888834,,1
1404,271579,271579,271579,-14607,,1783334485334155964,1783334485334442150,1783334485334442150,,1783334485334427543,1783334485334427543,,2,1.000000000000,1.000000000000,1.000000000000,,0.580910836200,,1
1405,275718,275718,275718,-10557,,1783334485334276174,1783334485334562449,1783334485334562449,,1783334485334551892,1783334485334551892,,1,1.000000000000,1.000000000000,1.000000000000,,0.576121905031,,1
1406,283817,283817,283817,-8895,,1783334485334406435,1783334485334699147,1783334485334699147,,1783334485334690252,1783334485334690252,,3,1.000000000000,1.000000000000,1.000000000000,,0.566865056030,,1
1407,274545,274545,274545,-14055,,1783334485334529246,1783334485334817846,1783334485334817846,,1783334485334803791,1783334485334803791,,1,1.000000000000,1.000000000000,1.000000000000,,0.577475073666,,1
1408,277214,277214,277214,-11114,,1783334485334649567,1783334485334937895,1783334485334937895,,1783334485334926781,1783334485334926781,,1,1.000000000000,1.000000000000,1.000000000000,,0.574400724461,,1
1409,273802,273802,273802,-12434,,1783334485334769738,1783334485335055974,1783334485335055974,,1783334485335043540,1783334485335043540,,0,1.000000000000,1.000000000000,1.000000000000,,0.578333839531,,1
1410,272391,272391,272391,-14232,,1783334485334887289,1783334485335173912,1783334485335173912,,1783334485335159680,1783334485335159680,,0,1.000000000000,1.000000000000,1.000000000000,,0.579968202628,,1
1411,278741,278741,278741,-10021,,1783334485335004989,1783334485335293751,1783334485335293751,,1783334485335283730,1783334485335283730,,3,1.000000000000,1.000000000000,1.000000000000,,0.572649180618,,1
1412,271539,271539,271539,-15271,,1783334485335129640,1783334485335416450,1783334485335416450,,1783334485335401179,1783334485335401179,,1,1.000000000000,1.000000000000,1.000000000000,,0.580957310926,,1
1413,277678,277678,277678,-9399,,1783334485335246941,1783334485335534018,1783334485335534018,,1783334485335524619,1783334485335524619,,3,1.000000000000,1.000000000000,1.000000000000,,0.573867927845,,1
1414,277078,277078,277078,-14198,,1783334485335367401,1783334485335658677,1783334485335658677,,1783334485335644479,1783334485335644479,,3,1.000000000000,1.000000000000,1.000000000000,,0.574556982709,,1
1415,272737,272737,272737,-14957,,1783334485335487462,1783334485335775156,1783334485335775156,,1783334485335760199,1783334485335760199,,0,1.000000000000,1.000000000000,1.000000000000,,0.579567003463,,1
1416,276894,276894,276894,-14397,,1783334485335609784,1783334485335901075,1783334485335901075,,1783334485335886678,1783334485335886678,,1,1.000000000000,1.000000000000,1.000000000000,,0.574768458587,,1
1417,279294,279294,279294,-14065,,1783334485335728954,1783334485336022313,1783334485336022313,,1783334485336008248,1783334485336008248,,1,1.000000000000,1.000000000000,1.000000000000,,0.572016180737,,1
1418,287402,287402,287402,-11975,,1783334485335851515,1783334485336150892,1783334485336150892,,1783334485336138917,1783334485336138917,,3,1.000000000000,1.000000000000,1.000000000000,,0.562815169770,,1
1419,281261,281261,281261,-14474,,1783334485335973466,1783334485336269201,1783334485336269201,,1783334485336254727,1783334485336254727,,0,1.000000000000,1.000000000000,1.000000000000,,0.569770289647,,1
1420,274121,274121,274121,-14123,,1783334485336093426,1783334485336381670,1783334485336381670,,1783334485336367547,1783334485336367547,,1,1.000000000000,1.000000000000,1.000000000000,,0.577964980220,,1
1421,271949,271949,271949,-14442,,1783334485336213417,1783334485336499808,1783334485336499808,,1783334485336485366,1783334485336485366,,0,1.000000000000,1.000000000000,1.000000000000,,0.580481121196,,1
1422,279358,279358,279358,-13411,,1783334485336335478,1783334485336628247,1783334485336628247,,1783334485336614836,1783334485336614836,,1,1.000000000000,1.000000000000,1.000000000000,,0.571942967352,,1
1423,276686,276686,276686,-12511,,1783334485336453949,1783334485336743146,1783334485336743146,,1783334485336730635,1783334485336730635,,1,1.000000000000,1.000000000000,1.000000000000,,0.575007612007,,1
1424,274265,274265,274265,-14361,,1783334485336572550,1783334485336861176,1783334485336861176,,1783334485336846815,1783334485336846815,,2,1.000000000000,1.000000000000,1.000000000000,,0.577798550273,,1
1425,273803,273803,273803,-14190,,1783334485336691981,1783334485336979974,1783334485336979974,,1783334485336965784,1783334485336965784,,0,1.000000000000,1.000000000000,1.000000000000,,0.578332682864,,1
1426,270493,270493,270493,-15279,,1783334485336811271,1783334485337097043,1783334485337097043,,1783334485337081764,1783334485337081764,,0,1.000000000000,1.000000000000,1.000000000000,,0.582173945777,,1
1427,276161,276161,276161,-12549,,1783334485336928852,1783334485337217562,1783334485337217562,,1783334485337205013,1783334485337205013,,1,1.000000000000,1.000000000000,1.000000000000,,0.575611687083,,1
1428,273220,273220,273220,-14768,,1783334485337046823,1783334485337334811,1783334485337334811,,1783334485337320043,1783334485337320043,,3,1.000000000000,1.000000000000,1.000000000000,,0.579007412063,,1
1429,272620,272620,272620,-14916,,1783334485337165153,1783334485337452689,1783334485337452689,,1783334485337437773,1783334485337437773,,3,1.000000000000,1.000000000000,1.000000000000,,0.579702638010,,1
1430,282708,282708,282708,-12746,,1783334485337287624,1783334485337583078,1783334485337583078,,1783334485337570332,1783334485337570332,,0,1.000000000000,1.000000000000,1.000000000000,,0.568123758109,,1
1431,274886,274886,274886,-14705,,1783334485337407966,1783334485337697557,1783334485337697557,,1783334485337682852,1783334485337682852,,2,1.000000000000,1.000000000000,1.000000000000,,0.577081369934,,1
1432,274365,274365,274365,-13185,,1783334485337528176,1783334485337815726,1783334485337815726,,1783334485337802541,1783334485337802541,,3,1.000000000000,1.000000000000,1.000000000000,,0.577683002118,,1
1433,277104,277104,277104,-11353,,1783334485337648447,1783334485337936904,1783334485337936904,,1783334485337925551,1783334485337925551,,3,1.000000000000,1.000000000000,1.000000000000,,0.574527106522,,1
1434,279903,279903,279903,-7843,,1783334485337762347,1783334485338050093,1783334485338050093,,1783334485338042250,1783334485338042250,,0,1.000000000000,1.000000000000,1.000000000000,,0.571319889157,,1
1435,275442,275442,275442,-13542,,1783334485337879698,1783334485338168682,1783334485338168682,,1783334485338155140,1783334485338155140,,1,1.000000000000,1.000000000000,1.000000000000,,0.576440012112,,1
1436,271711,271711,271711,-14031,,1783334485337999339,1783334485338285081,1783334485338285081,,1783334485338271050,1783334485338271050,,0,1.000000000000,1.000000000000,1.000000000000,,0.580757495981,,1
1437,274600,274600,274600,-12610,,1783334485338116899,1783334485338404109,1783334485338404109,,1783334485338391499,1783334485338391499,,0,1.000000000000,1.000000000000,1.000000000000,,0.577411554902,,1
1438,285879,285879,285879,-10499,,1783334485338244420,1783334485338540798,1783334485338540798,,1783334485338530299,1783334485338530299,,3,1.000000000000,1.000000000000,1.000000000000,,0.564532118363,,1
1439,278847,278847,278847,-9628,,1783334485338360682,1783334485338649157,1783334485338649157,,1783334485338639529,1783334485338639529,,3,1.000000000000,1.000000000000,1.000000000000,,0.572527791859,,1
1440,274897,274897,274897,-12127,,1783334485338480742,1783334485338767766,1783334485338767766,,1783334485338755639,1783334485338755639,,2,1.000000000000,1.000000000000,1.000000000000,,0.577068674284,,1
1441,274765,274765,274765,-14586,,1783334485338600923,1783334485338890274,1783334485338890274,,1783334485338875688,1783334485338875688,,2,1.000000000000,1.000000000000,1.000000000000,,0.577221040525,,1
1442,273374,273374,273374,-13515,,1783334485338719964,1783334485339006853,1783334485339006853,,1783334485338993338,1783334485338993338,,1,1.000000000000,1.000000000000,1.000000000000,,0.578829105241,,1
1443,280593,280593,280593,-7095,,1783334485338837404,1783334485339125092,1783334485339125092,,1783334485339117997,1783334485339117997,,2,1.000000000000,1.000000000000,1.000000000000,,0.570532011471,,1
1444,278052,278052,278052,-13004,,1783334485338955095,1783334485339246151,1783334485339246151,,1783334485339233147,1783334485339233147,,3,1.000000000000,1.000000000000,1.000000000000,,0.573438835136,,1
1445,277161,277161,277161,-13762,,1783334485339075576,1783334485339366499,1783334485339366499,,1783334485339352737,1783334485339352737,,0,1.000000000000,1.000000000000,1.000000000000,,0.574461614165,,1
1446,276689,276689,276689,-14482,,1783334485339198937,1783334485339490108,1783334485339490108,,1783334485339475626,1783334485339475626,,3,1.000000000000,1.000000000000,1.000000000000,,0.575004161971,,1
1447,287158,287158,287158,-12701,,1783334485339319378,1783334485339619237,1783334485339619237,,1783334485339606536,1783334485339606536,,0,1.000000000000,1.000000000000,1.000000000000,,0.563089890600,,1
1448,273237,273237,273237,-14391,,1783334485339437008,1783334485339724636,1783334485339724636,,1783334485339710245,1783334485339710245,,1,1.000000000000,1.000000000000,1.000000000000,,0.578987726146,,1
1449,277326,277326,277326,-14010,,1783334485339559669,1783334485339851005,1783334485339851005,,1783334485339836995,1783334485339836995,,1,1.000000000000,1.000000000000,1.000000000000,,0.574272073109,,1
1450,274944,274944,274944,-13630,,1783334485339683380,1783334485339971954,1783334485339971954,,1783334485339958324,1783334485339958324,,2,1.000000000000,1.000000000000,1.000000000000,,0.577014432378,,1
1451,273054,273054,273054,-13299,,1783334485339802710,1783334485340089063,1783334485340089063,,1783334485340075764,1783334485340075764,,3,1.000000000000,1.000000000000,1.000000000000,,0.579199674438,,1
1452,275912,275912,275912,-14568,,1783334485339920331,1783334485340210811,1783334485340210811,,1783334485340196243,1783334485340196243,,3,1.000000000000,1.000000000000,1.000000000000,,0.575898413092,,1
1453,276251,276251,276251,-11827,,1783334485340037562,1783334485340325640,1783334485340325640,,1783334485340313813,1783334485340313813,,3,1.000000000000,1.000000000000,1.000000000000,,0.575508086304,,1
1454,272990,272990,272990,-12786,,1783334485340156023,1783334485340441799,1783334485340441799,,1783334485340429013,1783334485340429013,,1,1.000000000000,1.000000000000,1.000000000000,,0.579273816741,,1
1455,271628,271628,271628,-10016,,1783334485340278764,1783334485340560408,1783334485340560408,,1783334485340550392,1783334485340550392,,2,1.000000000000,1.000000000000,1.000000000000,,0.580853909728,,1
1456,276047,276047,276047,-11275,,1783334485340396155,1783334485340683477,1783334485340683477,,1783334485340672202,1783334485340672202,,3,1.000000000000,1.000000000000,1.000000000000,,0.575742941510,,1
1457,270696,270696,270696,-14754,,1783334485340515025,1783334485340800475,1783334485340800475,,1783334485340785721,1783334485340785721,,1,1.000000000000,1.000000000000,1.000000000000,,0.581937631130,,1
1458,269945,269945,269945,-12393,,1783334485340637556,1783334485340919894,1783334485340919894,,1783334485340907501,1783334485340907501,,2,1.000000000000,1.000000000000,1.000000000000,,0.582812358208,,1
1459,270623,270623,270623,-12533,,1783334485340760537,1783334485341043693,1783334485341043693,,1783334485341031160,1783334485341031160,,2,1.000000000000,1.000000000000,1.000000000000,,0.582022600227,,1
1460,271833,271833,271833,-12862,,1783334485340879137,1783334485341163832,1783334485341163832,,1783334485341150970,1783334485341150970,,0,1.000000000000,1.000000000000,1.000000000000,,0.580615808439,,1
1461,268350,268350,268350,-13471,,1783334485340999439,1783334485341281260,1783334485341281260,,1783334485341267789,1783334485341267789,,1,1.000000000000,1.000000000000,1.000000000000,,0.584674498164,,1
1462,271460,271460,271460,-12310,,1783334485341116939,1783334485341400709,1783334485341400709,,1783334485341388399,1783334485341388399,,1,1.000000000000,1.000000000000,1.000000000000,,0.581049109433,,1
1463,270449,270449,270449,-12959,,1783334485341241990,1783334485341525398,1783334485341525398,,1783334485341512439,1783334485341512439,,3,1.000000000000,1.000000000000,1.000000000000,,0.582225179338,,1
1464,275958,275958,275958,-11288,,1783334485341359441,1783334485341646687,1783334485341646687,,1783334485341635399,1783334485341635399,,1,1.000000000000,1.000000000000,1.000000000000,,0.575845432875,,1
1465,270778,270778,270778,-12766,,1783334485341479971,1783334485341763515,1783334485341763515,,1783334485341750749,1783334485341750749,,1,1.000000000000,1.000000000000,1.000000000000,,0.581842201184,,1
1466,269406,269406,269406,-12556,,1783334485341600472,1783334485341882434,1783334485341882434,,1783334485341869878,1783334485341869878,,2,1.000000000000,1.000000000000,1.000000000000,,0.583440968690,,1
1467,275125,275125,275125,-11215,,1783334485341718803,1783334485342005143,1783334485342005143,,1783334485341993928,1783334485341993928,,2,1.000000000000,1.000000000000,1.000000000000,,0.576805590956,,1
1468,269574,269574,269574,-13875,,1783334485341837483,1783334485342120932,1783334485342120932,,1783334485342107057,1783334485342107057,,2,1.000000000000,1.000000000000,1.000000000000,,0.583244965455,,1
1469,269482,269482,269482,-13403,,1783334485341957795,1783334485342240680,1783334485342240680,,1783334485342227277,1783334485342227277,,0,1.000000000000,1.000000000000,1.000000000000,,0.583352292402,,1
1470,269350,269350,269350,-14103,,1783334485342075126,1783334485342358579,1783334485342358579,,1783334485342344476,1783334485342344476,,1,1.000000000000,1.000000000000,1.000000000000,,0.583506317738,,1
1471,271260,271260,271260,-10592,,1783334485342196786,1783334485342478638,1783334485342478638,,1783334485342468046,1783334485342468046,,3,1.000000000000,1.000000000000,1.000000000000,,0.581281575567,,1
1472,274449,274449,274449,-9441,,1783334485342321067,1783334485342604957,1783334485342604957,,1783334485342595516,1783334485342595516,,0,1.000000000000,1.000000000000,1.000000000000,,0.577585959525,,1
1473,272897,272897,272897,-11030,,1783334485342438458,1783334485342722385,1783334485342722385,,1783334485342711355,1783334485342711355,,3,1.000000000000,1.000000000000,1.000000000000,,0.579381571692,,1
1474,271287,271287,271287,-13640,,1783334485342557358,1783334485342842285,1783334485342842285,,1783334485342828645,1783334485342828645,,2,1.000000000000,1.000000000000,1.000000000000,,0.581250187209,,1
1475,278285,278285,278285,-11960,,1783334485342680559,1783334485342970804,1783334485342970804,,1783334485342958844,1783334485342958844,,2,1.000000000000,1.000000000000,1.000000000000,,0.573171674892,,1
1476,269663,269663,269663,-13399,,1783334485342793771,1783334485343076833,1783334485343076833,,1783334485343063434,1783334485343063434,,2,1.000000000000,1.000000000000,1.000000000000,,0.583141157090,,1
1477,270912,270912,270912,-13698,,1783334485342912761,1783334485343197371,1783334485343197371,,1783334485343183673,1783334485343183673,,1,1.000000000000,1.000000000000,1.000000000000,,0.581686288367,,1
1478,273141,273141,273141,-12917,,1783334485343032942,1783334485343319000,1783334485343319000,,1783334485343306083,1783334485343306083,,3,1.000000000000,1.000000000000,1.000000000000,,0.579098902462,,1
1479,269969,269969,269969,-13227,,1783334485343152503,1783334485343435699,1783334485343435699,,1783334485343422472,1783334485343422472,,1,1.000000000000,1.000000000000,1.000000000000,,0.582784383886,,1
1480,273109,273109,273109,-9396,,1783334485343275613,1783334485343558118,1783334485343558118,,1783334485343548722,1783334485343548722,,3,1.000000000000,1.000000000000,1.000000000000,,0.579135965978,,1
1481,273098,273098,273098,-13154,,1783334485343393054,1783334485343679306,1783334485343679306,,1783334485343666152,1783334485343666152,,3,1.000000000000,1.000000000000,1.000000000000,,0.579148707109,,1
1482,270686,270686,270686,-13504,,1783334485343512355,1783334485343796545,1783334485343796545,,1783334485343783041,1783334485343783041,,1,1.000000000000,1.000000000000,1.000000000000,,0.581949269999,,1
1483,272226,272226,272226,-12223,,1783334485343631615,1783334485343916064,1783334485343916064,,1783334485343903841,1783334485343903841,,0,1.000000000000,1.000000000000,1.000000000000,,0.580159623717,,1
1484,269643,269643,269643,-14703,,1783334485343750507,1783334485344034853,1783334485344034853,,1783334485344020150,1783334485344020150,,3,1.000000000000,1.000000000000,1.000000000000,,0.583164483203,,1
1485,273422,273422,273422,-12362,,1783334485343870728,1783334485344156512,1783334485344156512,,1783334485344144150,1783334485344144150,,1,1.000000000000,1.000000000000,1.000000000000,,0.578773540314,,1
1486,274901,274901,274901,-12851,,1783334485343990038,1783334485344277790,1783334485344277790,,1783334485344264939,1783334485344264939,,0,1.000000000000,1.000000000000,1.000000000000,,0.577064057753,,1
1487,277500,277500,277500,-11970,,1783334485344112169,1783334485344401639,1783334485344401639,,1783334485344389669,1783334485344389669,,2,1.000000000000,1.000000000000,1.000000000000,,0.574072261196,,1
1488,279379,279379,279379,-8280,,1783334485344228959,1783334485344516618,1783334485344516618,,1783334485344508338,1783334485344508338,,1,1.000000000000,1.000000000000,1.000000000000,,0.571918946252,,1
1489,282729,282729,282729,-13107,,1783334485344354110,1783334485344649946,1783334485344649946,,1783334485344636839,1783334485344636839,,2,1.000000000000,1.000000000000,1.000000000000,,0.568099897412,,1
1490,275028,275028,275028,-13566,,1783334485344474151,1783334485344762745,1783334485344762745,,1783334485344749179,1783334485344749179,,3,1.000000000000,1.000000000000,1.000000000000,,0.576917502096,,1
1491,273676,273676,273676,-13926,,1783334485344592902,1783334485344880504,1783334485344880504,,1783334485344866578,1783334485344866578,,1,1.000000000000,1.000000000000,1.000000000000,,0.578479598023,,1
1492,275855,275855,275855,-12395,,1783334485344711603,1783334485344999853,1783334485344999853,,1783334485344987458,1783334485344987458,,3,1.000000000000,1.000000000000,1.000000000000,,0.575964069254,,1
1493,275513,275513,275513,-12624,,1783334485344831864,1783334485345120001,1783334485345120001,,1783334485345107377,1783334485345107377,,1,1.000000000000,1.000000000000,1.000000000000,,0.576358163442,,1
1494,273843,273843,273843,-13853,,1783334485344950784,1783334485345238480,1783334485345238480,,1783334485345224627,1783334485345224627,,2,1.000000000000,1.000000000000,1.000000000000,,0.578286418100,,1
1495,276301,276301,276301,-10943,,1783334485345068485,1783334485345355729,1783334485345355729,,1783334485345344786,1783334485345344786,,1,1.000000000000,1.000000000000,1.000000000000,,0.575450538373,,1
1496,278780,278780,278780,-12192,,1783334485345185336,1783334485345476308,1783334485345476308,,1783334485345464116,1783334485345464116,,3,1.000000000000,1.000000000000,1.000000000000,,0.572604515724,,1
1497,282229,282229,282229,-12901,,1783334485345308156,1783334485345603286,1783334485345603286,,1783334485345590385,1783334485345590385,,2,1.000000000000,1.000000000000,1.000000000000,,0.568668281454,,1
1498,274438,274438,274438,-12960,,1783334485345425677,1783334485345713075,1783334485345713075,,1783334485345700115,1783334485345700115,,2,1.000000000000,1.000000000000,1.000000000000,,0.577598666556,,1
1499,273586,273586,273586,-14970,,1783334485345545899,1783334485345834455,1783334485345834455,,1783334485345819485,1783334485345819485,,3,1.000000000000,1.000000000000,1.000000000000,,0.578583733723,,1
1500,276135,276135,276135,-14190,,1783334485345666649,1783334485345956974,1783334485345956974,,1783334485345942784,1783334485345942784,,1,1.000000000000,1.000000000000,1.000000000000,,0.575641619669,,1
1501,274934,274934,274934,-13178,,1783334485345785790,1783334485346073902,1783334485346073902,,1783334485346060724,1783334485346060724,,1,1.000000000000,1.000000000000,1.000000000000,,0.577025972782,,1
1502,276912,276912,276912,-12058,,1783334485345907881,1783334485346196851,1783334485346196851,,1783334485346184793,1783334485346184793,,0,1.000000000000,1.000000000000,1.000000000000,,0.574747767295,,1
1503,284122,284122,284122,-11487,,1783334485346025091,1783334485346320700,1783334485346320700,,1783334485346309213,1783334485346309213,,1,1.000000000000,1.000000000000,1.000000000000,,0.566519373789,,1
1504,279170,279170,279170,-8637,,1783334485346137772,1783334485346425579,1783334485346425579,,1783334485346416942,1783334485346416942,,3,1.000000000000,1.000000000000,1.000000000000,,0.572158058342,,1
1505,276309,276309,276309,-13255,,1783334485346256383,1783334485346545947,1783334485346545947,,1783334485346532692,1783334485346532692,,3,1.000000000000,1.000000000000,1.000000000000,,0.575441331238,,1
1506,275848,275848,275848,-13114,,1783334485346381394,1783334485346670356,1783334485346670356,,1783334485346657242,1783334485346657242,,0,1.000000000000,1.000000000000,1.000000000000,,0.575972132807,,1
1507,276326,276326,276326,-12754,,1783334485346501935,1783334485346791015,1783334485346791015,,1783334485346778261,1783334485346778261,,1,1.000000000000,1.000000000000,1.000000000000,,0.575421766565,,1
1508,277325,277325,277325,-10623,,1783334485346620376,1783334485346908324,1783334485346908324,,1783334485346897701,1783334485346897701,,2,1.000000000000,1.000000000000,1.000000000000,,0.574273221654,,1
1509,278324,278324,278324,-10452,,1783334485346738786,1783334485347027562,1783334485347027562,,1783334485347017110,1783334485347017110,,1,1.000000000000,1.000000000000,1.000000000000,,0.573126969244,,1
1510,272263,272263,272263,-14911,,1783334485346857527,1783334485347144701,1783334485347144701,,1783334485347129790,1783334485347129790,,1,1.000000000000,1.000000000000,1.000000000000,,0.580116693494,,1
1511,275681,275681,275681,-14151,,1783334485346974948,1783334485347264780,1783334485347264780,,1783334485347250629,1783334485347250629,,2,1.000000000000,1.000000000000,1.000000000000,,0.576164539630,,1
1512,273521,273521,273521,-14440,,1783334485347092308,1783334485347380269,1783334485347380269,,1783334485347365829,1783334485347365829,,1,1.000000000000,1.000000000000,1.000000000000,,0.578658954498,,1
1513,273599,273599,273599,-12769,,1783334485347214149,1783334485347500517,1783334485347500517,,1783334485347487748,1783334485347487748,,1,1.000000000000,1.000000000000,1.000000000000,,0.578568690741,,1
1514,278868,278868,278868,-11837,,1783334485347331521,1783334485347622226,1783334485347622226,,1783334485347610389,1783334485347610389,,2,1.000000000000,1.000000000000,1.000000000000,,0.572503746197,,1
1515,273388,273388,273388,-14876,,1783334485347450171,1783334485347738435,1783334485347738435,,1783334485347723559,1783334485347723559,,2,1.000000000000,1.000000000000,1.000000000000,,0.578812898253,,1
1516,273666,273666,273666,-14456,,1783334485347572492,1783334485347860614,1783334485347860614,,1783334485347846158,1783334485347846158,,0,1.000000000000,1.000000000000,1.000000000000,,0.578491167731,,1
1517,273566,273566,273566,-14034,,1783334485347694902,1783334485347982502,1783334485347982502,,1783334485347968468,1783334485347968468,,3,1.000000000000,1.000000000000,1.000000000000,,0.578606877535,,1
1518,281514,281514,281514,-11704,,1783334485347813803,1783334485348107021,1783334485348107021,,1783334485348095317,1783334485348095317,,3,1.000000000000,1.000000000000,1.000000000000,,0.569482058809,,1
1519,274343,274343,274343,-14353,,1783334485347931734,1783334485348220430,1783334485348220430,,1783334485348206077,1783334485348206077,,0,1.000000000000,1.000000000000,1.000000000000,,0.577708420729,,1
1520,277542,277542,277542,-11763,,1783334485348049324,1783334485348338629,1783334485348338629,,1783334485348326866,1783334485348326866,,2,1.000000000000,1.000000000000,1.000000000000,,0.574024041152,,1
1521,271620,271620,271620,-15391,,1783334485348170636,1783334485348457647,1783334485348457647,,1783334485348442256,1783334485348442256,,0,1.000000000000,1.000000000000,1.000000000000,,0.580863203465,,1
1522,282798,282798,282798,-14501,,1783334485348288467,1783334485348585766,1783334485348585766,,1783334485348571265,1783334485348571265,,3,1.000000000000,1.000000000000,1.000000000000,,0.568021505035,,1
1523,280388,280388,280388,-8720,,1783334485348412557,1783334485348701665,1783334485348701665,,1783334485348692945,1783334485348692945,,2,1.000000000000,1.000000000000,1.000000000000,,0.570765977555,,1
1524,273987,273987,273987,-14199,,1783334485348533508,1783334485348821694,1783334485348821694,,1783334485348807495,1783334485348807495,,0,1.000000000000,1.000000000000,1.000000000000,,0.578119895592,,1
1525,279455,279455,279455,-12299,,1783334485348653389,1783334485348945143,1783334485348945143,,1783334485348932844,1783334485348932844,,0,1.000000000000,1.000000000000,1.000000000000,,0.571832021178,,1
1526,273935,273935,273935,-13758,,1783334485348773779,1783334485349061472,1783334485349061472,,1783334485349047714,1783334485349047714,,2,1.000000000000,1.000000000000,1.000000000000,,0.578180023188,,1
1527,273253,273253,273253,-13858,,1783334485348896090,1783334485349183201,1783334485349183201,,1783334485349169343,1783334485349169343,,1,1.000000000000,1.000000000000,1.000000000000,,0.578969198835,,1
1528,277412,277412,277412,-13397,,1783334485349013691,1783334485349304500,1783334485349304500,,1783334485349291103,1783334485349291103,,3,1.000000000000,1.000000000000,1.000000000000,,0.574173306806,,1
1529,276750,276750,276750,-12126,,1783334485349135942,1783334485349424818,1783334485349424818,,1783334485349412692,1783334485349412692,,1,1.000000000000,1.000000000000,1.000000000000,,0.574934015743,,1
1530,276499,276499,276499,-13435,,1783334485349253973,1783334485349543907,1783334485349543907,,1783334485349530472,1783334485349530472,,0,1.000000000000,1.000000000000,1.000000000000,,0.575222705073,,1
1531,286187,286187,286187,-11395,,1783334485349375264,1783334485349672846,1783334485349672846,,1783334485349661451,1783334485349661451,,3,1.000000000000,1.000000000000,1.000000000000,,0.564184473663,,1
1532,273207,273207,273207,-14334,,1783334485349489764,1783334485349777305,1783334485349777305,,1783334485349762971,1783334485349762971,,3,1.000000000000,1.000000000000,1.000000000000,,0.579022466452,,1
1533,276856,276856,276856,-12912,,1783334485349608775,1783334485349898543,1783334485349898543,,1783334485349885631,1783334485349885631,,0,1.000000000000,1.000000000000,1.000000000000,,0.574812142650,,1
1534,275714,275714,275714,-15012,,1783334485349729106,1783334485350019832,1783334485350019832,,1783334485350004820,1783334485350004820,,3,1.000000000000,1.000000000000,1.000000000000,,0.576126514025,,1
1535,271984,271984,271984,-15501,,1783334485349853036,1783334485350140521,1783334485350140521,,1783334485350125020,1783334485350125020,,3,1.000000000000,1.000000000000,1.000000000000,,0.580440488939,,1
1536,281871,281871,281871,-10641,,1783334485349971858,1783334485350264370,1783334485350264370,,1783334485350253729,1783334485350253729,,2,1.000000000000,1.000000000000,1.000000000000,,0.569075593744,,1
1537,279240,279240,279240,-11239,,1783334485350091589,1783334485350382068,1783334485350382068,,1783334485350370829,1783334485350370829,,3,1.000000000000,1.000000000000,1.000000000000,,0.572077961821,,1
1538,276529,276529,276529,-11759,,1783334485350215519,1783334485350503807,1783334485350503807,,1783334485350492048,1783334485350492048,,2,1.000000000000,1.000000000000,1.000000000000,,0.575188192746,,1
1539,276569,276569,276569,-12717,,1783334485350337030,1783334485350626316,1783334485350626316,,1783334485350613599,1783334485350613599,,1,1.000000000000,1.000000000000,1.000000000000,,0.575142179532,,1
1540,275827,275827,275827,-14217,,1783334485350459651,1783334485350749695,1783334485350749695,,1783334485350735478,1783334485350735478,,1,1.000000000000,1.000000000000,1.000000000000,,0.575996324145,,1
1541,274217,274217,274217,-13355,,1783334485350578811,1783334485350866383,1783334485350866383,,1783334485350853028,1783334485350853028,,0,1.000000000000,1.000000000000,1.000000000000,,0.577854021596,,1
1542,274566,274566,274566,-13484,,1783334485350697412,1783334485350985462,1783334485350985462,,1783334485350971978,1783334485350971978,,3,1.000000000000,1.000000000000,1.000000000000,,0.577450820223,,1
1543,274044,274044,274044,-13254,,1783334485350817623,1783334485351104921,1783334485351104921,,1783334485351091667,1783334485351091667,,0,1.000000000000,1.000000000000,1.000000000000,,0.578053993681,,1
1544,277653,277653,277653,-12953,,1783334485350935274,1783334485351225880,1783334485351225880,,1783334485351212927,1783334485351212927,,0,1.000000000000,1.000000000000,1.000000000000,,0.573896621959,,1
1545,273721,273721,273721,-14383,,1783334485351053275,1783334485351341379,1783334485351341379,,1783334485351326996,1783334485351326996,,2,1.000000000000,1.000000000000,1.000000000000,,0.578427537202,,1
1546,273430,273430,273430,-14801,,1783334485351170416,1783334485351458647,1783334485351458647,,1783334485351443846,1783334485351443846,,0,1.000000000000,1.000000000000,1.000000000000,,0.578764280012,,1
1547,283149,283149,283149,-13591,,1783334485351290816,1783334485351587556,1783334485351587556,,1783334485351573965,1783334485351573965,,3,1.000000000000,1.000000000000,1.000000000000,,0.567622893868,,1
1548,274268,274268,274268,-14580,,1783334485351411007,1783334485351699855,1783334485351699855,,1783334485351685275,1783334485351685275,,0,1.000000000000,1.000000000000,1.000000000000,,0.577795083492,,1
1549,275627,275627,275627,-14469,,1783334485351531118,1783334485351821214,1783334485351821214,,1783334485351806745,1783334485351806745,,1,1.000000000000,1.000000000000,1.000000000000,,0.576226768760,,1
1550,278296,278296,278296,-14399,,1783334485351651368,1783334485351944063,1783334485351944063,,1783334485351929664,1783334485351929664,,1,1.000000000000,1.000000000000,1.000000000000,,0.573159065253,,1
1551,283074,283074,283074,-5588,,1783334485351770400,1783334485352059062,1783334485352059062,,1783334485352053474,1783334485352053474,,0,1.000000000000,1.000000000000,1.000000000000,,0.567708043688,,1
1552,276173,276173,276173,-11578,,1783334485351887980,1783334485352175731,1783334485352175731,,1783334485352164153,1783334485352164153,,3,1.000000000000,1.000000000000,1.000000000000,,0.575597872568,,1
1553,307122,307122,307122,-11306,,1783334485352006151,1783334485352324579,1783334485352324579,,1783334485352313273,1783334485352313273,,1,1.000000000000,1.000000000000,1.000000000000,,0.541049774363,,1
1554,278070,278070,278070,-13226,,1783334485352144072,1783334485352435368,1783334485352435368,,1783334485352422142,1783334485352422142,,2,1.000000000000,1.000000000000,1.000000000000,,0.573418191709,,1
1555,280199,280199,280199,-11285,,1783334485352263653,1783334485352555137,1783334485352555137,,1783334485352543852,1783334485352543852,,2,1.000000000000,1.000000000000,1.000000000000,,0.570981767876,,1
1556,276458,276458,276458,-13435,,1783334485352383423,1783334485352673316,1783334485352673316,,1783334485352659881,1783334485352659881,,3,1.000000000000,1.000000000000,1.000000000000,,0.575269875269,,1
1557,275487,275487,275487,-13713,,1783334485352506564,1783334485352795764,1783334485352795764,,1783334485352782051,1783334485352782051,,3,1.000000000000,1.000000000000,1.000000000000,,0.576388134846,,1
1558,280615,280615,280615,-10133,,1783334485352626925,1783334485352917673,1783334485352917673,,1783334485352907540,1783334485352907540,,2,1.000000000000,1.000000000000,1.000000000000,,0.570506908614,,1
1559,279394,279394,279394,-14552,,1783334485352747226,1783334485353041172,1783334485353041172,,1783334485353026620,1783334485353026620,,1,1.000000000000,1.000000000000,1.000000000000,,0.571901788941,,1
1560,272413,272413,272413,-14561,,1783334485352860417,1783334485353147391,1783334485353147391,,1783334485353132830,1783334485353132830,,0,1.000000000000,1.000000000000,1.000000000000,,0.579942684588,,1
1561,271912,271912,271912,-14920,,1783334485352978027,1783334485353264859,1783334485353264859,,1783334485353249939,1783334485353249939,,0,1.000000000000,1.000000000000,1.000000000000,,0.580524078388,,1
1562,275861,275861,275861,-13979,,1783334485353095488,1783334485353385328,1783334485353385328,,1783334485353371349,1783334485353371349,,2,1.000000000000,1.000000000000,1.000000000000,,0.575957157726,,1
1563,274629,274629,274629,-14469,,1783334485353216119,1783334485353505217,1783334485353505217,,1783334485353490748,1783334485353490748,,0,1.000000000000,1.000000000000,1.000000000000,,0.577378066003,,1
1564,275550,275550,275550,-14267,,1783334485353339649,1783334485353629466,1783334485353629466,,1783334485353615199,1783334485353615199,,0,1.000000000000,1.000000000000,1.000000000000,,0.576315514516,,1
1565,274658,274658,274658,-13366,,1783334485353463450,1783334485353751474,1783334485353751474,,1783334485353738108,1783334485353738108,,3,1.000000000000,1.000000000000,1.000000000000,,0.577344579046,,1
1566,282126,282126,282126,-13035,,1783334485353599622,1783334485353894783,1783334485353894783,,1783334485353881748,1783334485353881748,,2,1.000000000000,1.000000000000,1.000000000000,,0.568785439187,,1
1567,274834,274834,274834,-12955,,1783334485353723093,1783334485354010882,1783334485354010882,,1783334485353997927,1783334485353997927,,0,1.000000000000,1.000000000000,1.000000000000,,0.577141389518,,1
1568,276294,276294,276294,-11423,,1783334485353840333,1783334485354128050,1783334485354128050,,1783334485354116627,1783334485354116627,,0,1.000000000000,1.000000000000,1.000000000000,,0.575458594737,,1
1569,275793,275793,275793,-13882,,1783334485353963264,1783334485354252939,1783334485354252939,,1783334485354239057,1783334485354239057,,0,1.000000000000,1.000000000000,1.000000000000,,0.576035493226,,1
1570,274841,274841,274841,-12272,,1783334485354080935,1783334485354368048,1783334485354368048,,1783334485354355776,1783334485354355776,,2,1.000000000000,1.000000000000,1.000000000000,,0.577133309595,,1
1571,276111,276111,276111,-12171,,1783334485354198085,1783334485354486367,1783334485354486367,,1783334485354474196,1783334485354474196,,0,1.000000000000,1.000000000000,1.000000000000,,0.575669251130,,1
1572,292769,292769,292769,-13420,,1783334485354318576,1783334485354624765,1783334485354624765,,1783334485354611345,1783334485354611345,,0,1.000000000000,1.000000000000,1.000000000000,,0.556806219470,,1
1573,277249,277249,277249,-13589,,1783334485354437096,1783334485354727934,1783334485354727934,,1783334485354714345,1783334485354714345,,0,1.000000000000,1.000000000000,1.000000000000,,0.574360517818,,1
1574,274416,274416,274416,-15010,,1783334485354564948,1783334485354854374,1783334485354854374,,1783334485354839364,1783334485354839364,,2,1.000000000000,1.000000000000,1.000000000000,,0.577624081457,,1
1575,272315,272315,272315,-14479,,1783334485354683659,1783334485354970453,1783334485354970453,,1783334485354955974,1783334485354955974,,3,1.000000000000,1.000000000000,1.000000000000,,0.580056364495,,1
1576,273684,273684,273684,-14218,,1783334485354801189,1783334485355089091,1783334485355089091,,1783334485355074873,1783334485355074873,,3,1.000000000000,1.000000000000,1.000000000000,,0.578470342424,,1
1577,275783,275783,275783,-13547,,1783334485354921580,1783334485355210910,1783334485355210910,,1783334485355197363,1783334485355197363,,0,1.000000000000,1.000000000000,1.000000000000,,0.576047014051,,1
1578,277382,277382,277382,-10606,,1783334485355039221,1783334485355327209,1783334485355327209,,1783334485355316603,1783334485355316603,,0,1.000000000000,1.000000000000,1.000000000000,,0.574207758238,,1
1579,280271,280271,280271,-9456,,1783334485355159581,1783334485355449308,1783334485355449308,,1783334485355439852,1783334485355439852,,2,1.000000000000,1.000000000000,1.000000000000,,0.570899552421,,1
1580,284570,284570,284570,-5434,,1783334485355280082,1783334485355570086,1783334485355570086,,1783334485355564652,1783334485355564652,,2,1.000000000000,1.000000000000,1.000000000000,,0.566011999768,,1
1581,278557,278557,278557,-12504,,1783334485355399214,1783334485355690275,1783334485355690275,,1783334485355677771,1783334485355677771,,2,1.000000000000,1.000000000000,1.000000000000,,0.572859954296,,1
1582,277567,277567,277567,-13683,,1783334485355518684,1783334485355809934,1783334485355809934,,1783334485355796251,1783334485355796251,,0,1.000000000000,1.000000000000,1.000000000000,,0.573995340667,,1
1583,276515,276515,276515,-12272,,1783334485355643015,1783334485355931802,1783334485355931802,,1783334485355919530,1783334485355919530,,1,1.000000000000,1.000000000000,1.000000000000,,0.575204298241,,1
1584,279584,279584,279584,-10441,,1783334485355760576,1783334485356050601,1783334485356050601,,1783334485356040160,1783334485356040160,,0,1.000000000000,1.000000000000,1.000000000000,,0.571684507547,,1
1585,274423,274423,274423,-12691,,1783334485355880926,1783334485356168040,1783334485356168040,,1783334485356155349,1783334485356155349,,3,1.000000000000,1.000000000000,1.000000000000,,0.577615994776,,1
1586,299172,299172,299172,-12169,,1783334485356010197,1783334485356321538,1783334485356321538,,1783334485356309369,1783334485356309369,,0,1.000000000000,1.000000000000,1.000000000000,,0.549721221092,,1
1587,290770,290770,290770,-11979,,1783334485356134118,1783334485356436867,1783334485356436867,,1783334485356424888,1783334485356424888,,2,1.000000000000,1.000000000000,1.000000000000,,0.559036786668,,1
1588,274510,274510,274510,-12228,,1783334485356247668,1783334485356534406,1783334485356534406,,1783334485356522178,1783334485356522178,,2,1.000000000000,1.000000000000,1.000000000000,,0.577515498336,,1
1589,272639,272639,272639,-11616,,1783334485356368090,1783334485356652345,1783334485356652345,,1783334485356640729,1783334485356640729,,1,1.000000000000,1.000000000000,1.000000000000,,0.579680609728,,1
1590,270177,270177,270177,-13186,,1783334485356488511,1783334485356771874,1783334485356771874,,1783334485356758688,1783334485356758688,,2,1.000000000000,1.000000000000,1.000000000000,,0.582541996002,,1
1591,272467,272467,272467,-9854,,1783334485356609061,1783334485356891382,1783334485356891382,,1783334485356881528,1783334485356881528,,3,1.000000000000,1.000000000000,1.000000000000,,0.579880054160,,1
1592,270705,270705,270705,-13164,,1783334485356726842,1783334485357010711,1783334485357010711,,1783334485356997547,1783334485356997547,,3,1.000000000000,1.000000000000,1.000000000000,,0.581927156347,,1
1593,267594,267594,267594,-13893,,1783334485356844733,1783334485357126220,1783334485357126220,,1783334485357112327,1783334485357112327,,0,1.000000000000,1.000000000000,1.000000000000,,0.585559194668,,1
1594,269633,269633,269633,-13133,,1783334485356962053,1783334485357244819,1783334485357244819,,1783334485357231686,1783334485357231686,,2,1.000000000000,1.000000000000,1.000000000000,,0.583176146609,,1
1595,268692,268692,268692,-13742,,1783334485357079564,1783334485357361998,1783334485357361998,,1783334485357348256,1783334485357348256,,1,1.000000000000,1.000000000000,1.000000000000,,0.584274717548,,1
1596,268770,268770,268770,-14040,,1783334485357199436,1783334485357482246,1783334485357482246,,1783334485357468206,1783334485357468206,,3,1.000000000000,1.000000000000,1.000000000000,,0.584183577801,,1
1597,276559,276559,276559,-11810,,1783334485357319826,1783334485357608195,1783334485357608195,,1783334485357596385,1783334485357596385,,0,1.000000000000,1.000000000000,1.000000000000,,0.575153682490,,1
1598,273718,273718,273718,-11839,,1783334485357438227,1783334485357723784,1783334485357723784,,1783334485357711945,1783334485357711945,,1,1.000000000000,1.000000000000,1.000000000000,,0.578431007778,,1
1599,271076,271076,271076,-12870,,1783334485357557128,1783334485357841074,1783334485357841074,,1783334485357828204,1783334485357828204,,1,1.000000000000,1.000000000000,1.000000000000,,0.581495526551,,1
1600,272396,272396,272396,-10228,,1783334485357674968,1783334485357957592,1783334485357957592,,1783334485357947364,1783334485357947364,,1,1.000000000000,1.000000000000,1.000000000000,,0.579962402975,,1
1601,273124,273124,273124,-12148,,1783334485357797379,1783334485358082651,1783334485358082651,,1783334485358070503,1783334485358070503,,2,1.000000000000,1.000000000000,1.000000000000,,0.579118592159,,1
1602,269413,269413,269413,-12077,,1783334485357917720,1783334485358199210,1783334485358199210,,1783334485358187133,1783334485358187133,,2,1.000000000000,1.000000000000,1.000000000000,,0.583432800573,,1
1603,271082,271082,271082,-10277,,1783334485358034810,1783334485358316169,1783334485358316169,,1783334485358305892,1783334485358305892,,2,1.000000000000,1.000000000000,1.000000000000,,0.581488548647,,1
1604,273800,273800,273800,-13195,,1783334485358156142,1783334485358443137,1783334485358443137,,1783334485358429942,1783334485358429942,,1,1.000000000000,1.000000000000,1.000000000000,,0.578336152871,,1
1605,275110,275110,275110,-9754,,1783334485358276712,1783334485358561576,1783334485358561576,,1783334485358551822,1783334485358551822,,2,1.000000000000,1.000000000000,1.000000000000,,0.576822895383,,1
1606,274598,274598,274598,-11294,,1783334485358397313,1783334485358683205,1783334485358683205,,1783334485358671911,1783334485358671911,,3,1.000000000000,1.000000000000,1.000000000000,,0.577413864553,,1
1607,274687,274687,274687,-9733,,1783334485358520104,1783334485358804524,1783334485358804524,,1783334485358794791,1783334485358794791,,1,1.000000000000,1.000000000000,1.000000000000,,0.577311094032,,1
1608,277216,277216,277216,-12072,,1783334485358639464,1783334485358928752,1783334485358928752,,1783334485358916680,1783334485358916680,,2,1.000000000000,1.000000000000,1.000000000000,,0.574398426863,,1
1609,270525,270525,270525,-13541,,1783334485358759715,1783334485359043781,1783334485359043781,,1783334485359030240,1783334485359030240,,1,1.000000000000,1.000000000000,1.000000000000,,0.582136687837,,1
1610,270523,270523,270523,-13241,,1783334485358878606,1783334485359162370,1783334485359162370,,1783334485359149129,1783334485359149129,,1,1.000000000000,1.000000000000,1.000000000000,,0.582139016388,,1
1611,269822,269822,269822,-13260,,1783334485358996457,1783334485359279539,1783334485359279539,,1783334485359266279,1783334485359266279,,1,1.000000000000,1.000000000000,1.000000000000,,0.582955747684,,1
1612,270251,270251,270251,-14208,,1783334485359114128,1783334485359398587,1783334485359398587,,1783334485359384379,1783334485359384379,,0,1.000000000000,1.000000000000,1.000000000000,,0.582455786166,,1
1613,272479,272479,272479,-11908,,1783334485359239899,1783334485359524286,1783334485359524286,,1783334485359512378,1783334485359512378,,1,1.000000000000,1.000000000000,1.000000000000,,0.579866137206,,1
1614,277080,277080,277080,-12736,,1783334485359360569,1783334485359650385,1783334485359650385,,1783334485359637649,1783334485359637649,,1,1.000000000000,1.000000000000,1.000000000000,,0.574554684485,,1
1615,279998,279998,279998,-12706,,1783334485359480880,1783334485359773584,1783334485359773584,,1783334485359760878,1783334485359760878,,3,1.000000000000,1.000000000000,1.000000000000,,0.571211348690,,1
1616,272087,272087,272087,-12724,,1783334485359594871,1783334485359879682,1783334485359879682,,1783334485359866958,1783334485359866958,,0,1.000000000000,1.000000000000,1.000000000000,,0.580320930513,,1
1617,270016,270016,270016,-13294,,1783334485359715011,1783334485359998321,1783334485359998321,,1783334485359985027,1783334485359985027,,1,1.000000000000,1.000000000000,1.000000000000,,0.582729604728,,1
1618,268595,268595,268595,-13683,,1783334485359837602,1783334485360119880,1783334485360119880,,1783334485360106197,1783334485360106197,,0,1.000000000000,1.000000000000,1.000000000000,,0.584388077839,,1
1619,275503,275503,275503,-12403,,1783334485359954953,1783334485360242859,1783334485360242859,,1783334485360230456,1783334485360230456,,1,1.000000000000,1.000000000000,1.000000000000,,0.576369690720,,1
1620,276892,276892,276892,-12711,,1783334485360078164,1783334485360367767,1783334485360367767,,1783334485360355056,1783334485360355056,,3,1.000000000000,1.000000000000,1.000000000000,,0.574770757666,,1
1621,275250,275250,275250,-14891,,1783334485360198315,1783334485360488456,1783334485360488456,,1783334485360473565,1783334485360473565,,0,1.000000000000,1.000000000000,1.000000000000,,0.576661407582,,1
1622,276120,276120,276120,-14490,,1783334485360324225,1783334485360614835,1783334485360614835,,1783334485360600345,1783334485360600345,,1,1.000000000000,1.000000000000,1.000000000000,,0.575658889177,,1
1623,283269,283269,283269,-10079,,1783334485360444626,1783334485360737974,1783334485360737974,,1783334485360727895,1783334485360727895,,1,1.000000000000,1.000000000000,1.000000000000,,0.567486680719,,1
1624,273707,273707,273707,-14649,,1783334485360565247,1783334485360853603,1783334485360853603,,1783334485360838954,1783334485360838954,,1,1.000000000000,1.000000000000,1.000000000000,,0.578443733400,,1
1625,275927,275927,275927,-13398,,1783334485360688457,1783334485360977782,1783334485360977782,,1783334485360964384,1783334485360964384,,1,1.000000000000,1.000000000000,1.000000000000,,0.575881136399,,1
1626,274774,274774,274774,-13668,,1783334485360808339,1783334485361096781,1783334485361096781,,1783334485361083113,1783334485361083113,,1,1.000000000000,1.000000000000,1.000000000000,,0.577210650640,,1
1627,274113,274113,274113,-14677,,1783334485360925940,1783334485361214730,1783334485361214730,,1783334485361200053,1783334485361200053,,0,1.000000000000,1.000000000000,1.000000000000,,0.577974227734,,1
1628,272592,272592,272592,-14486,,1783334485361044630,1783334485361331708,1783334485361331708,,1783334485361317222,1783334485361317222,,2,1.000000000000,1.000000000000,1.000000000000,,0.579735102267,,1
1629,273011,273011,273011,-15105,,1783334485361166261,1783334485361454377,1783334485361454377,,1783334485361439272,1783334485361439272,,0,1.000000000000,1.000000000000,1.000000000000,,0.579249487752,,1
1630,284239,284239,284239,-13175,,1783334485361285442,1783334485361582856,1783334485361582856,,1783334485361569681,1783334485361569681,,1,1.000000000000,1.000000000000,1.000000000000,,0.566386823765,,1
1631,281929,281929,281929,-13363,,1783334485361406152,1783334485361701444,1783334485361701444,,1783334485361688081,1783334485361688081,,0,1.000000000000,1.000000000000,1.000000000000,,0.569009584804,,1
1632,276488,276488,276488,-12542,,1783334485361523373,1783334485361812403,1783334485361812403,,1783334485361799861,1783334485361799861,,0,1.000000000000,1.000000000000,1.000000000000,,0.575235360112,,1
1633,277736,277736,277736,-12972,,1783334485361644034,1783334485361934742,1783334485361934742,,1783334485361921770,1783334485361921770,,0,1.000000000000,1.000000000000,1.000000000000,,0.573801363026,,1
1634,275235,275235,275235,-13791,,1783334485361759695,1783334485362048721,1783334485362048721,,1783334485362034930,1783334485362034930,,1,1.000000000000,1.000000000000,1.000000000000,,0.576678707684,,1
1635,279693,279693,279693,-8711,,1783334485361877526,1783334485362165930,1783334485362165930,,1783334485362157219,1783334485362157219,,3,1.000000000000,1.000000000000,1.000000000000,,0.571559893908,,1
1636,276873,276873,276873,-9879,,1783334485361998586,1783334485362285338,1783334485362285338,,1783334485362275459,1783334485362275459,,3,1.000000000000,1.000000000000,1.000000000000,,0.574792599370,,1
1637,277211,277211,277211,-14069,,1783334485362116177,1783334485362407457,1783334485362407457,,1783334485362393388,1783334485362393388,,1,1.000000000000,1.000000000000,1.000000000000,,0.574404170876,,1
1638,275630,275630,275630,-13448,,1783334485362235208,1783334485362524286,1783334485362524286,,1783334485362510838,1783334485362510838,,3,1.000000000000,1.000000000000,1.000000000000,,0.576223311410,,1
1639,276410,276410,276410,-12876,,1783334485362358158,1783334485362647444,1783334485362647444,,1783334485362634568,1783334485362634568,,1,1.000000000000,1.000000000000,1.000000000000,,0.575325103828,,1
1640,274199,274199,274199,-13865,,1783334485362480849,1783334485362768913,1783334485362768913,,1783334485362755048,1783334485362755048,,3,1.000000000000,1.000000000000,1.000000000000,,0.577874824715,,1
1641,276467,276467,276467,-13044,,1783334485362594401,1783334485362883912,1783334485362883912,,1783334485362870868,1783334485362870868,,3,1.000000000000,1.000000000000,1.000000000000,,0.575259520505,,1
1642,272656,272656,272656,-15454,,1783334485362712971,1783334485363001081,1783334485363001081,,1783334485362985627,1783334485362985627,,1,1.000000000000,1.000000000000,1.000000000000,,0.579660900923,,1
1643,282765,282765,282765,-12902,,1783334485362830742,1783334485363126409,1783334485363126409,,1783334485363113507,1783334485363113507,,1,1.000000000000,1.000000000000,1.000000000000,,0.568058995692,,1
1644,271503,271503,271503,-14912,,1783334485362944223,1783334485363230638,1783334485363230638,,1783334485363215726,1783334485363215726,,2,1.000000000000,1.000000000000,1.000000000000,,0.580999141358,,1
1645,274683,274683,274683,-13961,,1783334485363061893,1783334485363350537,1783334485363350537,,1783334485363336576,1783334485363336576,,0,1.000000000000,1.000000000000,1.000000000000,,0.577315712539,,1
1646,275681,275681,275681,-14951,,1783334485363178994,1783334485363469626,1783334485363469626,,1783334485363454675,1783334485363454675,,1,1.000000000000,1.000000000000,1.000000000000,,0.576164539630,,1
1647,277500,277500,277500,-13910,,1783334485363296705,1783334485363588115,1783334485363588115,,1783334485363574205,1783334485363574205,,1,1.000000000000,1.000000000000,1.000000000000,,0.574072261196,,1
1648,277080,277080,277080,-11958,,1783334485363414355,1783334485363703393,1783334485363703393,,1783334485363691435,1783334485363691435,,2,1.000000000000,1.000000000000,1.000000000000,,0.574554684485,,1
1649,277457,277457,277457,-13198,,1783334485363531767,1783334485363822422,1783334485363822422,,1783334485363809224,1783334485363809224,,1,1.000000000000,1.000000000000,1.000000000000,,0.574121633534,,1
1650,273986,273986,273986,-12998,,1783334485363652258,1783334485363939242,1783334485363939242,,1783334485363926244,1783334485363926244,,0,1.000000000000,1.000000000000,1.000000000000,,0.578121051833,,1
1651,273515,273515,273515,-14028,,1783334485363769488,1783334485364057031,1783334485364057031,,1783334485364043003,1783334485364043003,,0,1.000000000000,1.000000000000,1.000000000000,,0.578665898447,,1
1652,275724,275724,275724,-14276,,1783334485363892019,1783334485364182019,1783334485364182019,,1783334485364167743,1783334485364167743,,3,1.000000000000,1.000000000000,1.000000000000,,0.576114991610,,1
1653,292843,292843,292843,-5136,,1783334485364010459,1783334485364308438,1783334485364308438,,1783334485364303302,1783334485364303302,,1,1.000000000000,1.000000000000,1.000000000000,,0.556723818247,,1
1654,276062,276062,276062,-14225,,1783334485364134500,1783334485364424787,1783334485364424787,,1783334485364410562,1783334485364410562,,0,1.000000000000,1.000000000000,1.000000000000,,0.575725669481,,1
1655,273350,273350,273350,-13395,,1783334485364255101,1783334485364541846,1783334485364541846,,1783334485364528451,1783334485364528451,,2,1.000000000000,1.000000000000,1.000000000000,,0.578856889705,,1
1656,279828,279828,279828,-11543,,1783334485364380043,1783334485364671414,1783334485364671414,,1783334485364659871,1783334485364659871,,3,1.000000000000,1.000000000000,1.000000000000,,0.571405593568,,1
1657,274228,274228,274228,-14112,,1783334485364499183,1783334485364787523,1783334485364787523,,1783334485364773411,1783334485364773411,,0,1.000000000000,1.000000000000,1.000000000000,,0.577841308948,,1
1658,279326,279326,279326,-8492,,1783334485364620204,1783334485364908022,1783334485364908022,,1783334485364899530,1783334485364899530,,0,1.000000000000,1.000000000000,1.000000000000,,0.571979572873,,1
1659,273956,273956,273956,-14651,,1783334485364737404,1783334485365026011,1783334485365026011,,1783334485365011360,1783334485365011360,,0,1.000000000000,1.000000000000,1.000000000000,,0.578155740137,,1
1660,273544,273544,273544,-14650,,1783334485364854965,1783334485365143159,1783334485365143159,,1783334485365128509,1783334485365128509,,2,1.000000000000,1.000000000000,1.000000000000,,0.578632336798,,1
1661,272003,272003,272003,-14619,,1783334485364973736,1783334485365260358,1783334485365260358,,1783334485365245739,1783334485365245739,,0,1.000000000000,1.000000000000,1.000000000000,,0.580418432620,,1
1662,276342,276342,276342,-13519,,1783334485365091206,1783334485365381067,1783334485365381067,,1783334485365367548,1783334485365367548,,1,1.000000000000,1.000000000000,1.000000000000,,0.575403353363,,1
1663,283521,283521,283521,-7918,,1783334485365210847,1783334485365502286,1783334485365502286,,1783334485365494368,1783334485365494368,,2,1.000000000000,1.000000000000,1.000000000000,,0.567200739496,,1
1664,282329,282329,282329,-11986,,1783334485365329729,1783334485365624044,1783334485365624044,,1783334485365612058,1783334485365612058,,3,1.000000000000,1.000000000000,1.000000000000,,0.568554559170,,1
1665,276569,276569,276569,-12185,,1783334485365450329,1783334485365739083,1783334485365739083,,1783334485365726898,1783334485365726898,,2,1.000000000000,1.000000000000,1.000000000000,,0.575142179532,,1
1666,273998,273998,273998,-12694,,1783334485365573480,1783334485365860172,1783334485365860172,,1783334485365847478,1783334485365847478,,1,1.000000000000,1.000000000000,1.000000000000,,0.578107177095,,1
1667,279316,279316,279316,-11433,,1783334485365703141,1783334485365993890,1783334485365993890,,1783334485365982457,1783334485365982457,,2,1.000000000000,1.000000000000,1.000000000000,,0.571991012579,,1
1668,274496,274496,274496,-13542,,1783334485365824371,1783334485366112409,1783334485366112409,,1783334485366098867,1783334485366098867,,2,1.000000000000,1.000000000000,1.000000000000,,0.577531668997,,1
1669,277094,277094,277094,-11342,,1783334485365944532,1783334485366232968,1783334485366232968,,1783334485366221626,1783334485366221626,,0,1.000000000000,1.000000000000,1.000000000000,,0.574538597179,,1
1670,274773,274773,274773,-14751,,1783334485366061913,1783334485366351437,1783334485366351437,,1783334485366336686,1783334485366336686,,3,1.000000000000,1.000000000000,1.000000000000,,0.577211805063,,1
1671,281321,281321,281321,-14070,,1783334485366183754,1783334485366479145,1783334485366479145,,1783334485366465075,1783334485366465075,,2,1.000000000000,1.000000000000,1.000000000000,,0.569701921314,,1
1672,279510,279510,279510,-13899,,1783334485366297255,1783334485366590664,1783334485366590664,,1783334485366576765,1783334485366576765,,0,1.000000000000,1.000000000000,1.000000000000,,0.571769123116,,1
1673,275058,275058,275058,-12689,,1783334485366422946,1783334485366710693,1783334485366710693,,1783334485366698004,1783334485366698004,,2,1.000000000000,1.000000000000,1.000000000000,,0.576882888084,,1
1674,278258,278258,278258,-13139,,1783334485366543346,1783334485366834743,1783334485366834743,,1783334485366821604,1783334485366821604,,1,1.000000000000,1.000000000000,1.000000000000,,0.573202626998,,1
1675,275187,275187,275187,-13487,,1783334485366660477,1783334485366949151,1783334485366949151,,1783334485366935664,1783334485366935664,,3,1.000000000000,1.000000000000,1.000000000000,,0.576734071497,,1
1676,273935,273935,273935,-13677,,1783334485366779838,1783334485367067450,1783334485367067450,,1783334485367053773,1783334485367053773,,0,1.000000000000,1.000000000000,1.000000000000,,0.578180023188,,1
1677,272785,272785,272785,-13776,,1783334485366900088,1783334485367186649,1783334485367186649,,1783334485367172873,1783334485367172873,,3,1.000000000000,1.000000000000,1.000000000000,,0.579511367701,,1
1678,283863,283863,283863,-12706,,1783334485367017409,1783334485367313978,1783334485367313978,,1783334485367301272,1783334485367301272,,0,1.000000000000,1.000000000000,1.000000000000,,0.566812906844,,1
1679,274901,274901,274901,-13954,,1783334485367140261,1783334485367429116,1783334485367429116,,1783334485367415162,1783334485367415162,,0,1.000000000000,1.000000000000,1.000000000000,,0.577064057753,,1
1680,274560,274560,274560,-13544,,1783334485367260471,1783334485367548575,1783334485367548575,,1783334485367535031,1783334485367535031,,1,1.000000000000,1.000000000000,1.000000000000,,0.577457749674,,1
1681,279539,279539,279539,-11633,,1783334485367380892,1783334485367672064,1783334485367672064,,1783334485367660431,1783334485367660431,,1,1.000000000000,1.000000000000,1.000000000000,,0.571735961468,,1
1682,273227,273227,273227,-13973,,1783334485367502993,1783334485367790193,1783334485367790193,,1783334485367776220,1783334485367776220,,3,1.000000000000,1.000000000000,1.000000000000,,0.578999306016,,1
1683,278527,278527,278527,-11461,,1783334485367620393,1783334485367910381,1783334485367910381,,1783334485367898920,1783334485367898920,,3,1.000000000000,1.000000000000,1.000000000000,,0.572894326925,,1
1684,274236,274236,274236,-13610,,1783334485367743574,1783334485368031420,1783334485368031420,,1783334485368017810,1783334485368017810,,1,1.000000000000,1.000000000000,1.000000000000,,0.577832063561,,1
1685,274824,274824,274824,-14320,,1783334485367863615,1783334485368152759,1783334485368152759,,1783334485368138439,1783334485368138439,,3,1.000000000000,1.000000000000,1.000000000000,,0.577152932461,,1
1686,272893,272893,272893,-15109,,1783334485367981606,1783334485368269608,1783334485368269608,,1783334485368254499,1783334485368254499,,1,1.000000000000,1.000000000000,1.000000000000,,0.579386206763,,1
1687,272951,272951,272951,-11028,,1783334485368099277,1783334485368383256,1783334485368383256,,1783334485368372228,1783334485368372228,,0,1.000000000000,1.000000000000,1.000000000000,,0.579319001861,,1
1688,272060,272060,272060,-13007,,1783334485368221578,1783334485368506645,1783334485368506645,,1783334485368493638,1783334485368493638,,1,1.000000000000,1.000000000000,1.000000000000,,0.580352268690,,1
1689,272360,272360,272360,-12146,,1783334485368340678,1783334485368625184,1783334485368625184,,1783334485368613038,1783334485368613038,,2,1.000000000000,1.000000000000,1.000000000000,,0.580004161771,,1
1690,271769,271769,271769,-12535,,1783334485368465919,1783334485368750223,1783334485368750223,,1783334485368737688,1783334485368737688,,0,1.000000000000,1.000000000000,1.000000000000,,0.580690132019,,1
1691,275107,275107,275107,-8464,,1783334485368588330,1783334485368871901,1783334485368871901,,1783334485368863437,1783334485368863437,,0,1.000000000000,1.000000000000,1.000000000000,,0.576826356331,,1
1692,275937,275937,275937,-10183,,1783334485368706970,1783334485368993090,1783334485368993090,,1783334485368982907,1783334485368982907,,0,1.000000000000,1.000000000000,1.000000000000,,0.575869618891,,1
1693,267886,267886,267886,-14152,,1783334485368825521,1783334485369107559,1783334485369107559,,1783334485369093407,1783334485369093407,,1,1.000000000000,1.000000000000,1.000000000000,,0.585217327933,,1
1694,276133,276133,276133,-13262,,1783334485368942773,1783334485369232168,1783334485369232168,,1783334485369218906,1783334485369218906,,3,1.000000000000,1.000000000000,1.000000000000,,0.575643922240,,1
1695,269793,269793,269793,-13380,,1783334485369062353,1783334485369345526,1783334485369345526,,1783334485369332146,1783334485369332146,,2,1.000000000000,1.000000000000,1.000000000000,,0.582989560098,,1
1696,272621,272621,272621,-12990,,1783334485369181604,1783334485369467215,1783334485369467215,,1783334485369454225,1783334485369454225,,3,1.000000000000,1.000000000000,1.000000000000,,0.579701478606,,1
1697,278520,278520,278520,-10779,,1783334485369302135,1783334485369591434,1783334485369591434,,1783334485369580655,1783334485369580655,,3,1.000000000000,1.000000000000,1.000000000000,,0.572902347501,,1
1698,272149,272149,272149,-12739,,1783334485369419415,1783334485369704303,1783334485369704303,,1783334485369691564,1783334485369691564,,0,1.000000000000,1.000000000000,1.000000000000,,0.580248975179,,1
1699,282978,282978,282978,-6717,,1783334485369541916,1783334485369831611,1783334485369831611,,1783334485369824894,1783334485369824894,,3,1.000000000000,1.000000000000,1.000000000000,,0.567817054097,,1
1700,271138,271138,271138,-12487,,1783334485369655336,1783334485369938961,1783334485369938961,,1783334485369926474,1783334485369926474,,3,1.000000000000,1.000000000000,1.000000000000,,0.581423425576,,1
1701,271155,271155,271155,-11587,,1783334485369775238,1783334485370057980,1783334485370057980,,1783334485370046393,1783334485370046393,,1,1.000000000000,1.000000000000,1.000000000000,,0.581403657516,,1
1702,269124,269124,269124,-12756,,1783334485369895319,1783334485370177199,1783334485370177199,,1783334485370164443,1783334485370164443,,1,1.000000000000,1.000000000000,1.000000000000,,0.583770122209,,1
1703,276893,276893,276893,-11545,,1783334485370012759,1783334485370301197,1783334485370301197,,1783334485370289652,1783334485370289652,,3,1.000000000000,1.000000000000,1.000000000000,,0.574769608125,,1
1704,270702,270702,270702,-13184,,1783334485370134210,1783334485370418096,1783334485370418096,,1783334485370404912,1783334485370404912,,3,1.000000000000,1.000000000000,1.000000000000,,0.581930647920,,1
1705,270610,270610,270610,-13244,,1783334485370253441,1783334485370537295,1783334485370537295,,1783334485370524051,1783334485370524051,,0,1.000000000000,1.000000000000,1.000000000000,,0.582037733011,,1
1706,274020,274020,274020,-12313,,1783334485370370881,1783334485370657214,1783334485370657214,,1783334485370644901,1783334485370644901,,1,1.000000000000,1.000000000000,1.000000000000,,0.578081740938,,1
1707,274468,274468,274468,-11772,,1783334485370494742,1783334485370780982,1783334485370780982,,1783334485370769210,1783334485370769210,,0,1.000000000000,1.000000000000,1.000000000000,,0.577564011676,,1
1708,270857,270857,270857,-13151,,1783334485370614923,1783334485370898931,1783334485370898931,,1783334485370885780,1783334485370885780,,2,1.000000000000,1.000000000000,1.000000000000,,0.581750277378,,1
1709,269776,269776,269776,-13560,,1783334485370735204,1783334485371018540,1783334485371018540,,1783334485371004980,1783334485371004980,,0,1.000000000000,1.000000000000,1.000000000000,,0.583009382080,,1
1710,275384,275384,275384,-11970,,1783334485370854215,1783334485371141569,1783334485371141569,,1783334485371129599,1783334485371129599,,0,1.000000000000,1.000000000000,1.000000000000,,0.576506883032,,1
1711,269993,269993,269993,-13639,,1783334485370971706,1783334485371255338,1783334485371255338,,1783334485371241699,1783334485371241699,,2,1.000000000000,1.000000000000,1.000000000000,,0.582756410907,,1
1712,271402,271402,271402,-12208,,1783334485371089486,1783334485371373096,1783334485371373096,,1783334485371360888,1783334485371360888,,3,1.000000000000,1.000000000000,1.000000000000,,0.581116515039,,1
1713,267071,267071,267071,-15247,,1783334485371210377,1783334485371492695,1783334485371492695,,1783334485371477448,1783334485371477448,,2,1.000000000000,1.000000000000,1.000000000000,,0.586172010032,,1
1714,275860,275860,275860,-12576,,1783334485371332408,1783334485371620844,1783334485371620844,,1783334485371608268,1783334485371608268,,3,1.000000000000,1.000000000000,1.000000000000,,0.575958309642,,1
1715,272220,272220,272220,-13015,,1783334485371452428,1783334485371737663,1783334485371737663,,1783334485371724648,1783334485371724648,,0,1.000000000000,1.000000000000,1.000000000000,,0.580166585675,,1
1716,269867,269867,269867,-13474,,1783334485371582760,1783334485371866101,1783334485371866101,,1783334485371852627,1783334485371852627,,1,1.000000000000,1.000000000000,1.000000000000,,0.582903284027,,1
1717,270716,270716,270716,-12833,,1783334485371703661,1783334485371987210,1783334485371987210,,1783334485371974377,1783334485371974377,,0,1.000000000000,1.000000000000,1.000000000000,,0.581914354090,,1
1718,270146,270146,270146,-13922,,1783334485371822391,1783334485372106459,1783334485372106459,,1783334485372092537,1783334485372092537,,1,1.000000000000,1.000000000000,1.000000000000,,0.582578114726,,1
1719,274324,274324,274324,-9661,,1783334485371939842,1783334485372223827,1783334485372223827,,1783334485372214166,1783334485372214166,,2,1.000000000000,1.000000000000,1.000000000000,,0.577730374066,,1
1720,276693,276693,276693,-11610,,1783334485372058043,1783334485372346346,1783334485372346346,,1783334485372334736,1783334485372334736,,3,1.000000000000,1.000000000000,1.000000000000,,0.574999561956,,1
1721,271942,271942,271942,-10610,,1783334485372176943,1783334485372459495,1783334485372459495,,1783334485372448885,1783334485372448885,,2,1.000000000000,1.000000000000,1.000000000000,,0.580489247988,,1
1722,273621,273621,273621,-14619,,1783334485372294304,1783334485372582544,1783334485372582544,,1783334485372567925,1783334485372567925,,1,1.000000000000,1.000000000000,1.000000000000,,0.578543234279,,1
1723,270579,270579,270579,-14549,,1783334485372411945,1783334485372697073,1783334485372697073,,1783334485372682524,1783334485372682524,,3,1.000000000000,1.000000000000,1.000000000000,,0.582073820469,,1
1724,269218,269218,269218,-14077,,1783334485372536716,1783334485372820011,1783334485372820011,,1783334485372805934,1783334485372805934,,0,1.000000000000,1.000000000000,1.000000000000,,0.583660383742,,1
1725,273986,273986,273986,-12148,,1783334485372657187,1783334485372943321,1783334485372943321,,1783334485372931173,1783334485372931173,,0,1.000000000000,1.000000000000,1.000000000000,,0.578121051833,,1
1726,274635,274635,274635,-12157,,1783334485372776538,1783334485373063330,1783334485373063330,,1783334485373051173,1783334485373051173,,0,1.000000000000,1.000000000000,1.000000000000,,0.577371137508,,1
1727,279585,279585,279585,-11115,,1783334485372896748,1783334485373187448,1783334485373187448,,1783334485373176333,1783334485373176333,,0,1.000000000000,1.000000000000,1.000000000000,,0.571683364179,,1
1728,276193,276193,276193,-11395,,1783334485373009959,1783334485373297547,1783334485373297547,,1783334485373286152,1783334485373286152,,0,1.000000000000,1.000000000000,1.000000000000,,0.575574849114,,1
1729,274302,274302,274302,-12084,,1783334485373131860,1783334485373418246,1783334485373418246,,1783334485373406162,1783334485373406162,,3,1.000000000000,1.000000000000,1.000000000000,,0.577755794762,,1
1730,268971,268971,268971,-13834,,1783334485373250760,1783334485373533565,1783334485373533565,,1783334485373519731,1783334485373519731,,3,1.000000000000,1.000000000000,1.000000000000,,0.583948783200,,1
1731,274959,274959,274959,-11002,,1783334485373372832,1783334485373658793,1783334485373658793,,1783334485373647791,1783334485373647791,,2,1.000000000000,1.000000000000,1.000000000000,,0.576997122205,,1
1732,272588,272588,272588,-12682,,1783334485373490952,1783334485373776222,1783334485373776222,,1783334485373763540,1783334485373763540,,3,1.000000000000,1.000000000000,1.000000000000,,0.579739740166,,1
1733,272357,272357,272357,-12811,,1783334485373616323,1783334485373901491,1783334485373901491,,1783334485373888680,1783334485373888680,,1,1.000000000000,1.000000000000,1.000000000000,,0.580007641807,,1
1734,271865,271865,271865,-11211,,1783334485373735364,1783334485374018440,1783334485374018440,,1783334485374007229,1783334485374007229,,0,1.000000000000,1.000000000000,1.000000000000,,0.580578650216,,1
1735,268965,268965,268965,-13549,,1783334485373852714,1783334485374135228,1783334485374135228,,1783334485374121679,1783334485374121679,,1,1.000000000000,1.000000000000,1.000000000000,,0.583955790627,,1
1736,274374,274374,274374,-12418,,1783334485373970005,1783334485374256797,1783334485374256797,,1783334485374244379,1783334485374244379,,0,1.000000000000,1.000000000000,1.000000000000,,0.577672603917,,1
1737,271812,271812,271812,-12408,,1783334485374087346,1783334485374371566,1783334485374371566,,1783334485374359158,1783334485374359158,,2,1.000000000000,1.000000000000,1.000000000000,,0.580640194815,,1
1738,270352,270352,270352,-13347,,1783334485374206636,1783334485374490335,1783334485374490335,,1783334485374476988,1783334485374476988,,2,1.000000000000,1.000000000000,1.000000000000,,0.582338141980,,1
1739,273470,273470,273470,-11935,,1783334485374329418,1783334485374614823,1783334485374614823,,1783334485374602888,1783334485374602888,,3,1.000000000000,1.000000000000,1.000000000000,,0.578717980721,,1
1740,271689,271689,271689,-13434,,1783334485374449969,1783334485374735092,1783334485374735092,,1783334485374721658,1783334485374721658,,1,1.000000000000,1.000000000000,1.000000000000,,0.580783049873,,1
1741,269978,269978,269978,-13904,,1783334485374573979,1783334485374857861,1783334485374857861,,1783334485374843957,1783334485374843957,,1,1.000000000000,1.000000000000,1.000000000000,,0.582773893861,,1
1742,275517,275517,275517,-12843,,1783334485374694280,1783334485374982640,1783334485374982640,,1783334485374969797,1783334485374969797,,0,1.000000000000,1.000000000000,1.000000000000,,0.576353552595,,1
1743,270535,270535,270535,-13252,,1783334485374816431,1783334485375100218,1783334485375100218,,1783334485375086966,1783334485375086966,,0,1.000000000000,1.000000000000,1.000000000000,,0.582125045219,,1
1744,273255,273255,273255,-10461,,1783334485374933751,1783334485375217467,1783334485375217467,,1783334485375207006,1783334485375207006,,2,1.000000000000,1.000000000000,1.000000000000,,0.578966882963,,1
1745,268584,268584,268584,-13340,,1783334485375051262,1783334485375333186,1783334485375333186,,1783334485375319846,1783334485375319846,,0,1.000000000000,1.000000000000,1.000000000000,,0.584400934518,,1
1746,270072,270072,270072,-13350,,1783334485375168533,1783334485375451955,1783334485375451955,,1783334485375438605,1783334485375438605,,3,1.000000000000,1.000000000000,1.000000000000,,0.582664342667,,1
1747,286801,286801,286801,1062,,1783334485375287824,1783334485375573563,1783334485375573563,,1783334485375574625,1783334485375574625,,2,1.000000000000,1.000000000000,1.000000000000,,0.563492080346,,1
1748,271189,271189,271189,-13168,,1783334485375408975,1783334485375693332,1783334485375693332,,1783334485375680164,1783334485375680164,,3,1.000000000000,1.000000000000,1.000000000000,,0.581364123411,,1
1749,272589,272589,272589,-12347,,1783334485375529175,1783334485375814111,1783334485375814111,,1783334485375801764,1783334485375801764,,1,1.000000000000,1.000000000000,1.000000000000,,0.579738580688,,1
1750,270527,270527,270527,-13428,,1783334485375651576,1783334485375935531,1783334485375935531,,1783334485375922103,1783334485375922103,,3,1.000000000000,1.000000000000,1.000000000000,,0.582134359294,,1
1751,273856,273856,273856,-12236,,1783334485375771147,1783334485376057239,1783334485376057239,,1783334485376045003,1783334485376045003,,3,1.000000000000,1.000000000000,1.000000000000,,0.578271382849,,1
1752,270246,270246,270246,-12255,,1783334485375890707,1783334485376173208,1783334485376173208,,1783334485376160953,1783334485376160953,,0,1.000000000000,1.000000000000,1.000000000000,,0.582461610753,,1
1753,276344,276344,276344,-13555,,1783334485376008198,1783334485376298097,1783334485376298097,,1783334485376284542,1783334485376284542,,2,1.000000000000,1.000000000000,1.000000000000,,0.575401051754,,1
1754,276212,276212,276212,-11384,,1783334485376130500,1783334485376418096,1783334485376418096,,1783334485376406712,1783334485376406712,,3,1.000000000000,1.000000000000,1.000000000000,,0.575552977685,,1
1755,278921,278921,278921,-13013,,1783334485376247910,1783334485376539844,1783334485376539844,,1783334485376526831,1783334485376526831,,3,1.000000000000,1.000000000000,1.000000000000,,0.572443064016,,1
1756,274190,274190,274190,-11522,,1783334485376361741,1783334485376647453,1783334485376647453,,1783334485376635931,1783334485376635931,,2,1.000000000000,1.000000000000,1.000000000000,,0.577885226556,,1
1757,271848,271848,271848,-11602,,1783334485376484632,1783334485376768082,1783334485376768082,,1783334485376756480,1783334485376756480,,3,1.000000000000,1.000000000000,1.000000000000,,0.580598390226,,1
1758,274818,274818,274818,-12791,,1783334485376603372,1783334485376890981,1783334485376890981,,1783334485376878190,1783334485376878190,,1,1.000000000000,1.000000000000,1.000000000000,,0.577159858338,,1
1759,270466,270466,270466,-12860,,1783334485376721963,1783334485377005289,1783334485377005289,,1783334485376992429,1783334485376992429,,3,1.000000000000,1.000000000000,1.000000000000,,0.582205384019,,1
1760,273936,273936,273936,-9679,,1783334485376839393,1783334485377123008,1783334485377123008,,1783334485377113329,1783334485377113329,,0,1.000000000000,1.000000000000,1.000000000000,,0.578178866829,,1
1761,270694,270694,270694,-13068,,1783334485376956865,1783334485377240627,1783334485377240627,,1783334485377227559,1783334485377227559,,0,1.000000000000,1.000000000000,1.000000000000,,0.581939958885,,1
1762,271302,271302,271302,-12858,,1783334485377078886,1783334485377363046,1783334485377363046,,1783334485377350188,1783334485377350188,,3,1.000000000000,1.000000000000,1.000000000000,,0.581232749965,,1
1763,269312,269312,269312,-12617,,1783334485377196046,1783334485377477975,1783334485377477975,,1783334485377465358,1783334485377465358,,2,1.000000000000,1.000000000000,1.000000000000,,0.583550665903,,1
1764,274301,274301,274301,-11345,,1783334485377314147,1783334485377599793,1783334485377599793,,1783334485377588448,1783334485377588448,,2,1.000000000000,1.000000000000,1.000000000000,,0.577756950275,,1
1765,274570,274570,274570,-13134,,1783334485377431578,1783334485377719282,1783334485377719282,,1783334485377706148,1783334485377706148,,2,1.000000000000,1.000000000000,1.000000000000,,0.577446200635,,1
1766,268439,268439,268439,-14034,,1783334485377548958,1783334485377831431,1783334485377831431,,1783334485377817397,1783334485377817397,,0,1.000000000000,1.000000000000,1.000000000000,,0.584570435366,,1
1767,274408,274408,274408,-8613,,1783334485377671979,1783334485377955000,1783334485377955000,,1783334485377946387,1783334485377946387,,0,1.000000000000,1.000000000000,1.000000000000,,0.577633323516,,1
1768,268696,268696,268696,-13062,,1783334485377790720,1783334485378072478,1783334485378072478,,1783334485378059416,1783334485378059416,,1,1.000000000000,1.000000000000,1.000000000000,,0.584270043369,,1
1769,272795,272795,272795,-10811,,1783334485377908441,1783334485378192047,1783334485378192047,,1783334485378181236,1783334485378181236,,3,1.000000000000,1.000000000000,1.000000000000,,0.579499777589,,1
1770,269994,269994,269994,-13140,,1783334485378025912,1783334485378309046,1783334485378309046,,1783334485378295906,1783334485378295906,,1,1.000000000000,1.000000000000,1.000000000000,,0.582755245395,,1
1771,270912,270912,270912,-13000,,1783334485378142843,1783334485378426755,1783334485378426755,,1783334485378413755,1783334485378413755,,1,1.000000000000,1.000000000000,1.000000000000,,0.581686288367,,1
1772,271662,271662,271662,-12348,,1783334485378262303,1783334485378546313,1783334485378546313,,1783334485378533965,1783334485378533965,,3,1.000000000000,1.000000000000,1.000000000000,,0.580814413005,,1
1773,276700,276700,276700,-11318,,1783334485378382234,1783334485378670252,1783334485378670252,,1783334485378658934,1783334485378658934,,0,1.000000000000,1.000000000000,1.000000000000,,0.574991512019,,1
1774,274480,274480,274480,-12557,,1783334485378495804,1783334485378782841,1783334485378782841,,1783334485378770284,1783334485378770284,,2,1.000000000000,1.000000000000,1.000000000000,,0.577550150306,,1
1775,271938,271938,271938,-9818,,1783334485378618195,1783334485378899951,1783334485378899951,,1783334485378890133,1783334485378890133,,3,1.000000000000,1.000000000000,1.000000000000,,0.580493891921,,1
1776,275617,275617,275617,-9927,,1783334485378735496,1783334485379021040,1783334485379021040,,1783334485379011113,1783334485379011113,,1,1.000000000000,1.000000000000,1.000000000000,,0.576238293411,,1
1777,270546,270546,270546,-12225,,1783334485378856457,1783334485379139228,1783334485379139228,,1783334485379127003,1783334485379127003,,1,1.000000000000,1.000000000000,1.000000000000,,0.582112238609,,1
1778,269524,269524,269524,-14355,,1783334485378973618,1783334485379257497,1783334485379257497,,1783334485379243142,1783334485379243142,,0,1.000000000000,1.000000000000,1.000000000000,,0.583303292868,,1
1779,271143,271143,271143,-13004,,1783334485379091199,1783334485379375346,1783334485379375346,,1783334485379362342,1783334485379362342,,3,1.000000000000,1.000000000000,1.000000000000,,0.581417611371,,1
1780,273772,273772,273772,-12644,,1783334485379214749,1783334485379501165,1783334485379501165,,1783334485379488521,1783334485379488521,,2,1.000000000000,1.000000000000,1.000000000000,,0.578368540602,,1
1781,272381,272381,272381,-12452,,1783334485379335220,1783334485379620053,1783334485379620053,,1783334485379607601,1783334485379607601,,1,1.000000000000,1.000000000000,1.000000000000,,0.579979802108,,1
1782,269139,269139,269139,-13432,,1783334485379454441,1783334485379737012,1783334485379737012,,1783334485379723580,1783334485379723580,,0,1.000000000000,1.000000000000,1.000000000000,,0.583752609368,,1
1783,275109,275109,275109,-14371,,1783334485379572941,1783334485379862421,1783334485379862421,,1783334485379848050,1783334485379848050,,3,1.000000000000,1.000000000000,1.000000000000,,0.576824049030,,1
1784,273946,273946,273946,-14021,,1783334485379688563,1783334485379976530,1783334485379976530,,1783334485379962509,1783334485379962509,,3,1.000000000000,1.000000000000,1.000000000000,,0.578167303368,,1
1785,268735,268735,268735,-13289,,1783334485379807214,1783334485380089238,1783334485380089238,,1783334485380075949,1783334485380075949,,2,1.000000000000,1.000000000000,1.000000000000,,0.584224472083,,1
1786,270395,270395,270395,-12868,,1783334485379924624,1783334485380207887,1783334485380207887,,1783334485380195019,1783334485380195019,,0,1.000000000000,1.000000000000,1.000000000000,,0.582288063053,,1
1787,289573,289573,289573,-9608,,1783334485380042105,1783334485380341286,1783334485380341286,,1783334485380331678,1783334485380331678,,1,1.000000000000,1.000000000000,1.000000000000,,0.560376724000,,1
1788,273262,273262,273262,-11917,,1783334485380159336,1783334485380444515,1783334485380444515,,1783334485380432598,1783334485380432598,,0,1.000000000000,1.000000000000,1.000000000000,,0.578958777483,,1
1789,273321,273321,273321,-9397,,1783334485380277056,1783334485380559774,1783334485380559774,,1783334485380550377,1783334485380550377,,1,1.000000000000,1.000000000000,1.000000000000,,0.578890464378,,1
1790,277681,277681,277681,-10924,,1783334485380407767,1783334485380696372,1783334485380696372,,1783334485380685448,1783334485380685448,,3,1.000000000000,1.000000000000,1.000000000000,,0.573864484648,,1
1791,271089,271089,271089,-12594,,1783334485380525388,1783334485380809071,1783334485380809071,,1783334485380796477,1783334485380796477,,2,1.000000000000,1.000000000000,1.000000000000,,0.581480407864,,1
1792,273728,273728,273728,-9983,,1783334485380645479,1783334485380929190,1783334485380929190,,1783334485380919207,1783334485380919207,,2,1.000000000000,1.000000000000,1.000000000000,,0.578419439273,,1
1793,272696,272696,272696,-12372,,1783334485380764800,1783334485381049868,1783334485381049868,,1783334485381037496,1783334485381037496,,2,1.000000000000,1.000000000000,1.000000000000,,0.579614529905,,1
1794,270395,270395,270395,-12431,,1783334485380885271,1783334485381168097,1783334485381168097,,1783334485381155666,1783334485381155666,,0,1.000000000000,1.000000000000,1.000000000000,,0.582288063053,,1
1795,274645,274645,274645,-10760,,1783334485381004611,1783334485381290016,1783334485381290016,,1783334485381279256,1783334485381279256,,0,1.000000000000,1.000000000000,1.000000000000,,0.577359590200,,1
1796,268353,268353,268353,-15030,,1783334485381125702,1783334485381409085,1783334485381409085,,1783334485381394055,1783334485381394055,,0,1.000000000000,1.000000000000,1.000000000000,,0.584670990128,,1
1797,270282,270282,270282,-12278,,1783334485381242993,1783334485381525553,1783334485381525553,,1783334485381513275,1783334485381513275,,2,1.000000000000,1.000000000000,1.000000000000,,0.582419675027,,1
1798,275251,275251,275251,-11718,,1783334485381360483,1783334485381647452,1783334485381647452,,1783334485381635734,1783334485381635734,,3,1.000000000000,1.000000000000,1.000000000000,,0.576660254260,,1
1799,269449,269449,269449,-12917,,1783334485381480995,1783334485381763361,1783334485381763361,,1783334485381750444,1783334485381750444,,3,1.000000000000,1.000000000000,1.000000000000,,0.583390794924,,1
1800,274118,274118,274118,-10298,,1783334485381598215,1783334485381882631,1783334485381882631,,1783334485381872333,1783334485381872333,,2,1.000000000000,1.000000000000,1.000000000000,,0.577968448020,,1
1801,269977,269977,269977,-13656,,1783334485381716656,1783334485382000289,1783334485382000289,,1783334485381986633,1783334485381986633,,2,1.000000000000,1.000000000000,1.000000000000,,0.582775059410,,1
1802,268866,268866,268866,-14245,,1783334485381835567,1783334485382118678,1783334485382118678,,1783334485382104433,1783334485382104433,,0,1.000000000000,1.000000000000,1.000000000000,,0.584071425321,,1
1803,273245,273245,273245,-11215,,1783334485381952947,1783334485382237407,1783334485382237407,,1783334485382226192,1783334485382226192,,3,1.000000000000,1.000000000000,1.000000000000,,0.578978462416,,1
1804,271624,271624,271624,-13784,,1783334485382070598,1783334485382356006,1783334485382356006,,1783334485382342222,1783334485382342222,,0,1.000000000000,1.000000000000,1.000000000000,,0.580858556578,,1
1805,269702,269702,269702,-14803,,1783334485382189679,1783334485382474184,1783334485382474184,,1783334485382459381,1783334485382459381,,3,1.000000000000,1.000000000000,1.000000000000,,0.583095673854,,1
1806,276302,276302,276302,-13702,,1783334485382309899,1783334485382599903,1783334485382599903,,1783334485382586201,1783334485382586201,,2,1.000000000000,1.000000000000,1.000000000000,,0.575449387473,,1
1807,273249,273249,273249,-9642,,1783334485382429281,1783334485382712172,1783334485382712172,,1783334485382702530,1783334485382702530,,0,1.000000000000,1.000000000000,1.000000000000,,0.578973830607,,1
1808,274208,274208,274208,-10251,,1783334485382547242,1783334485382831701,1783334485382831701,,1783334485382821450,1783334485382821450,,3,1.000000000000,1.000000000000,1.000000000000,,0.577864423062,,1
1809,273467,273467,273467,-9990,,1783334485382667542,1783334485382950999,1783334485382950999,,1783334485382941009,1783334485382941009,,2,1.000000000000,1.000000000000,1.000000000000,,0.578721453039,,1
1810,271176,271176,271176,-12819,,1783334485382786523,1783334485383070518,1783334485383070518,,1783334485383057699,1783334485383057699,,3,1.000000000000,1.000000000000,1.000000000000,,0.581379239075,,1
1811,279985,279985,279985,-11388,,1783334485382905004,1783334485383196377,1783334485383196377,,1783334485383184989,1783334485383184989,,0,1.000000000000,1.000000000000,1.000000000000,,0.571226200378,,1
1812,276704,276704,276704,-12228,,1783334485383018304,1783334485383307236,1783334485383307236,,1783334485383295008,1783334485383295008,,1,1.000000000000,1.000000000000,1.000000000000,,0.574986912105,,1
1813,270863,270863,270863,-12427,,1783334485383139935,1783334485383423225,1783334485383423225,,1783334485383410798,1783334485383410798,,3,1.000000000000,1.000000000000,1.000000000000,,0.581743296417,,1
1814,268520,268520,268520,-14666,,1783334485383260397,1783334485383543583,1783334485383543583,,1783334485383528917,1783334485383528917,,0,1.000000000000,1.000000000000,1.000000000000,,0.584475742625,,1
1815,273651,273651,273651,-12184,,1783334485383379057,1783334485383664892,1783334485383664892,,1783334485383652708,1783334485383652708,,2,1.000000000000,1.000000000000,1.000000000000,,0.578508522726,,1
1816,272559,272559,272559,-11294,,1783334485383496718,1783334485383780571,1783334485383780571,,1783334485383769277,1783334485383769277,,2,1.000000000000,1.000000000000,1.000000000000,,0.579773366046,,1
1817,269348,269348,269348,-12583,,1783334485383614239,1783334485383896170,1783334485383896170,,1783334485383883587,1783334485383883587,,1,1.000000000000,1.000000000000,1.000000000000,,0.583508651768,,1
1818,269508,269508,269508,-13841,,1783334485383731649,1783334485384014998,1783334485384014998,,1783334485384001157,1783334485384001157,,3,1.000000000000,1.000000000000,1.000000000000,,0.583321958872,,1
1819,271676,271676,271676,-14061,,1783334485383851080,1783334485384136817,1783334485384136817,,1783334485384122756,1783334485384122756,,0,1.000000000000,1.000000000000,1.000000000000,,0.580798150429,,1
1820,268936,268936,268936,-14090,,1783334485383970650,1783334485384253676,1783334485384253676,,1783334485384239586,1783334485384239586,,3,1.000000000000,1.000000000000,1.000000000000,,0.583989661045,,1
1821,273484,273484,273484,-12710,,1783334485384089271,1783334485384375465,1783334485384375465,,1783334485384362755,1783334485384362755,,0,1.000000000000,1.000000000000,1.000000000000,,0.578701776845,,1
1822,274782,274782,274782,-12938,,1783334485384208023,1783334485384495743,1783334485384495743,,1783334485384482805,1783334485384482805,,0,1.000000000000,1.000000000000,1.000000000000,,0.577201415344,,1
1823,273131,273131,273131,-12578,,1783334485384331113,1783334485384616822,1783334485384616822,,1783334485384604244,1783334485384604244,,2,1.000000000000,1.000000000000,1.000000000000,,0.579110484556,,1
1824,270090,270090,270090,-12377,,1783334485384450414,1783334485384732881,1783334485384732881,,1783334485384720504,1783334485384720504,,3,1.000000000000,1.000000000000,1.000000000000,,0.582643367129,,1
1825,268528,268528,268528,-13608,,1783334485384568015,1783334485384850151,1783334485384850151,,1783334485384836543,1783334485384836543,,2,1.000000000000,1.000000000000,1.000000000000,,0.584466391088,,1
1826,278138,278138,278138,-9186,,1783334485384685835,1783334485384973159,1783334485384973159,,1783334485384963973,1783334485384963973,,2,1.000000000000,1.000000000000,1.000000000000,,0.573340212138,,1
1827,271457,271457,271457,-11625,,1783334485384805086,1783334485385088168,1783334485385088168,,1783334485385076543,1783334485385076543,,2,1.000000000000,1.000000000000,1.000000000000,,0.581052595738,,1
1828,271355,271355,271355,-13185,,1783334485384927887,1783334485385212427,1783334485385212427,,1783334485385199242,1783334485385199242,,0,1.000000000000,1.000000000000,1.000000000000,,0.581171142559,,1
1829,269045,269045,269045,-13854,,1783334485385046337,1783334485385329236,1783334485385329236,,1783334485385315382,1783334485385315382,,0,1.000000000000,1.000000000000,1.000000000000,,0.583862365175,,1
1830,271502,271502,271502,-13213,,1783334485385165349,1783334485385450064,1783334485385450064,,1783334485385436851,1783334485385436851,,0,1.000000000000,1.000000000000,1.000000000000,,0.581000303358,,1
1831,281231,281231,281231,-4472,,1783334485385285080,1783334485385570783,1783334485385570783,,1783334485385566311,1783334485385566311,,2,1.000000000000,1.000000000000,1.000000000000,,0.569804476890,,1
1832,275830,275830,275830,-10642,,1783334485385406840,1783334485385693312,1783334485385693312,,1783334485385682670,1783334485385682670,,3,1.000000000000,1.000000000000,1.000000000000,,0.575992868177,,1
1833,274869,274869,274869,-10700,,1783334485385527051,1783334485385812620,1783334485385812620,,1783334485385801920,1783334485385801920,,0,1.000000000000,1.000000000000,1.000000000000,,0.577100991035,,1
1834,270997,270997,270997,-13310,,1783334485385645672,1783334485385929979,1783334485385929979,,1783334485385916669,1783334485385916669,,3,1.000000000000,1.000000000000,1.000000000000,,0.581587410103,,1
1835,270937,270937,270937,-13209,,1783334485385766022,1783334485386050168,1783334485386050168,,1783334485386036959,1783334485386036959,,0,1.000000000000,1.000000000000,1.000000000000,,0.581657204780,,1
1836,270846,270846,270846,-12528,,1783334485385883343,1783334485386166717,1783334485386166717,,1783334485386154189,1783334485386154189,,3,1.000000000000,1.000000000000,1.000000000000,,0.581763076025,,1
1837,281743,281743,281743,-11717,,1783334485386001945,1783334485386295405,1783334485386295405,,1783334485386283688,1783334485386283688,,3,1.000000000000,1.000000000000,1.000000000000,,0.569221295745,,1
1838,274183,274183,274183,-12726,,1783334485386125875,1783334485386412784,1783334485386412784,,1783334485386400058,1783334485386400058,,0,1.000000000000,1.000000000000,1.000000000000,,0.577893317006,,1
1839,277931,277931,277931,-12486,,1783334485386243226,1783334485386533643,1783334485386533643,,1783334485386521157,1783334485386521157,,2,1.000000000000,1.000000000000,1.000000000000,,0.573577624126,,1
1840,278011,278011,278011,-7994,,1783334485386359017,1783334485386645022,1783334485386645022,,1783334485386637028,1783334485386637028,,2,1.000000000000,1.000000000000,1.000000000000,,0.573485859048,,1
1841,271580,271580,271580,-11863,,1783334485386477677,1783334485386761120,1783334485386761120,,1783334485386749257,1783334485386749257,,2,1.000000000000,1.000000000000,1.000000000000,,0.580909674380,,1
1842,271839,271839,271839,-11922,,1783334485386596228,1783334485386879989,1783334485386879989,,1783334485386868067,1783334485386868067,,0,1.000000000000,1.000000000000,1.000000000000,,0.580608841091,,1
1843,273937,273937,273937,-10672,,1783334485386714769,1783334485386999378,1783334485386999378,,1783334485386988706,1783334485386988706,,0,1.000000000000,1.000000000000,1.000000000000,,0.578177710473,,1
1844,269937,269937,269937,-14011,,1783334485386835869,1783334485387119817,1783334485387119817,,1783334485387105806,1783334485387105806,,3,1.000000000000,1.000000000000,1.000000000000,,0.582821683280,,1
1845,269895,269895,269895,-14149,,1783334485386953241,1783334485387237285,1783334485387237285,,1783334485387223136,1783334485387223136,,2,1.000000000000,1.000000000000,1.000000000000,,0.582870642357,,1
1846,268194,268194,268194,-15529,,1783334485387070701,1783334485387354424,1783334485387354424,,1783334485387338895,1783334485387338895,,0,1.000000000000,1.000000000000,1.000000000000,,0.584856945068,,1
1847,268253,268253,268253,-13688,,1783334485387188012,1783334485387469953,1783334485387469953,,1783334485387456265,1783334485387456265,,0,1.000000000000,1.000000000000,1.000000000000,,0.584787936020,,1
1848,301301,301301,301301,-11137,,1783334485387305483,1783334485387617921,1783334485387617921,,1783334485387606784,1783334485387606784,,1,1.000000000000,1.000000000000,1.000000000000,,0.547385484445,,1
1849,280851,280851,280851,-5967,,1783334485387424553,1783334485387711371,1783334485387711371,,1783334485387705404,1783334485387705404,,2,1.000000000000,1.000000000000,1.000000000000,,0.570237692893,,1
1850,271959,271959,271959,-11406,,1783334485387544954,1783334485387828319,1783334485387828319,,1783334485387816913,1783334485387816913,,2,1.000000000000,1.000000000000,1.000000000000,,0.580469511689,,1
1851,274168,274168,274168,-10156,,1783334485387658235,1783334485387942559,1783334485387942559,,1783334485387932403,1783334485387932403,,3,1.000000000000,1.000000000000,1.000000000000,,0.577910654065,,1
1852,273167,273167,273167,-10245,,1783334485387777696,1783334485388061108,1783334485388061108,,1783334485388050863,1783334485388050863,,2,1.000000000000,1.000000000000,1.000000000000,,0.579068790102,,1
1853,270185,270185,270185,-12865,,1783334485387895067,1783334485388178117,1783334485388178117,,1783334485388165252,1783334485388165252,,0,1.000000000000,1.000000000000,1.000000000000,,0.582532675405,,1
1854,291144,291144,291144,-1753,,1783334485388013548,1783334485388306445,1783334485388306445,,1783334485388304692,1783334485388304692,,3,1.000000000000,1.000000000000,1.000000000000,,0.558618783504,,1
1855,280203,280203,280203,-11093,,1783334485388138788,1783334485388430084,1783334485388430084,,1783334485388418991,1783334485388418991,,0,1.000000000000,1.000000000000,1.000000000000,,0.570977200040,,1
1856,276762,276762,276762,-11612,,1783334485388256049,1783334485388544423,1783334485388544423,,1783334485388532811,1783334485388532811,,2,1.000000000000,1.000000000000,1.000000000000,,0.574920217492,,1
1857,276750,276750,276750,-12731,,1783334485388380710,1783334485388670191,1783334485388670191,,1783334485388657460,1783334485388657460,,0,1.000000000000,1.000000000000,1.000000000000,,0.574934015743,,1
1858,273460,273460,273460,-13850,,1783334485388501120,1783334485388788430,1783334485388788430,,1783334485388774580,1783334485388774580,,2,1.000000000000,1.000000000000,1.000000000000,,0.578729555197,,1
1859,283758,283758,283758,-5120,,1783334485388621461,1783334485388910339,1783334485388910339,,1783334485388905219,1783334485388905219,,1,1.000000000000,1.000000000000,1.000000000000,,0.566931950053,,1
1860,273596,273596,273596,-13489,,1783334485388743823,1783334485389030908,1783334485389030908,,1783334485389017419,1783334485389017419,,3,1.000000000000,1.000000000000,1.000000000000,,0.578572162164,,1
1861,271636,271636,271636,-13898,,1783334485388862313,1783334485389147847,1783334485389147847,,1783334485389133949,1783334485389133949,,3,1.000000000000,1.000000000000,1.000000000000,,0.580844616139,,1
1862,276744,276744,276744,-11137,,1783334485388980034,1783334485389267915,1783334485389267915,,1783334485389256778,1783334485389256778,,1,1.000000000000,1.000000000000,1.000000000000,,0.574940914992,,1
1863,272413,272413,272413,-14876,,1783334485389097885,1783334485389385174,1783334485389385174,,1783334485389370298,1783334485389370298,,0,1.000000000000,1.000000000000,1.000000000000,,0.579942684588,,1
1864,272872,272872,272872,-14766,,1783334485389215085,1783334485389502723,1783334485389502723,,1783334485389487957,1783334485389487957,,3,1.000000000000,1.000000000000,1.000000000000,,0.579410541495,,1
1865,274472,274472,274472,-13574,,1783334485389332516,1783334485389620562,1783334485389620562,,1783334485389606988,1783334485389606988,,2,1.000000000000,1.000000000000,1.000000000000,,0.577559391182,,1
1866,278470,278470,278470,-11673,,1783334485389450577,1783334485389740720,1783334485389740720,,1783334485389729047,1783334485389729047,,2,1.000000000000,1.000000000000,1.000000000000,,0.572959640601,,1
1867,280819,280819,280819,-12892,,1783334485389570288,1783334485389863999,1783334485389863999,,1783334485389851107,1783334485389851107,,1,1.000000000000,1.000000000000,1.000000000000,,0.570274189274,,1
1868,271798,271798,271798,-13491,,1783334485389683809,1783334485389969098,1783334485389969098,,1783334485389955607,1783334485389955607,,2,1.000000000000,1.000000000000,1.000000000000,,0.580656452968,,1
1869,272127,272127,272127,-12841,,1783334485389801319,1783334485390086287,1783334485390086287,,1783334485390073446,1783334485390073446,,3,1.000000000000,1.000000000000,1.000000000000,,0.580274506696,,1
1870,279316,279316,279316,-13740,,1783334485389918580,1783334485390211636,1783334485390211636,,1783334485390197896,1783334485390197896,,0,1.000000000000,1.000000000000,1.000000000000,,0.571991012579,,1
1871,271464,271464,271464,-14489,,1783334485390036291,1783334485390322244,1783334485390322244,,1783334485390307755,1783334485390307755,,2,1.000000000000,1.000000000000,1.000000000000,,0.581044461059,,1
1872,275624,275624,275624,-10638,,1783334485390158251,1783334485390444513,1783334485390444513,,1783334485390433875,1783334485390433875,,2,1.000000000000,1.000000000000,1.000000000000,,0.576230226131,,1
1873,280572,280572,280572,-5768,,1783334485390278632,1783334485390564972,1783334485390564972,,1783334485390559204,1783334485390559204,,3,1.000000000000,1.000000000000,1.000000000000,,0.570555974318,,1
1874,277451,277451,277451,-12637,,1783334485390401283,1783334485390691371,1783334485390691371,,1783334485390678734,1783334485390678734,,2,1.000000000000,1.000000000000,1.000000000000,,0.574128523035,,1
1875,275619,275619,275619,-11556,,1783334485390521534,1783334485390808709,1783334485390808709,,1783334485390797153,1783334485390797153,,0,1.000000000000,1.000000000000,1.000000000000,,0.576235988462,,1
1876,271518,271518,271518,-13526,,1783334485390643895,1783334485390928939,1783334485390928939,,1783334485390915413,1783334485390915413,,1,1.000000000000,1.000000000000,1.000000000000,,0.580981711646,,1
1877,275207,275207,275207,-13735,,1783334485390761196,1783334485391050138,1783334485391050138,,1783334485391036403,1783334485391036403,,3,1.000000000000,1.000000000000,1.000000000000,,0.576711002596,,1
1878,273096,273096,273096,-12535,,1783334485390881466,1783334485391167097,1783334485391167097,,1783334485391154562,1783334485391154562,,1,1.000000000000,1.000000000000,1.000000000000,,0.579151023709,,1
1879,273265,273265,273265,-13383,,1783334485390998817,1783334485391285465,1783334485391285465,,1783334485391272082,1783334485391272082,,3,1.000000000000,1.000000000000,1.000000000000,,0.578955303741,,1
1880,273643,273643,273643,-14073,,1783334485391116288,1783334485391404004,1783334485391404004,,1783334485391389931,1783334485391389931,,1,1.000000000000,1.000000000000,1.000000000000,,0.578517778937,,1
1881,274873,274873,274873,-13682,,1783334485391238708,1783334485391527263,1783334485391527263,,1783334485391513581,1783334485391513581,,3,1.000000000000,1.000000000000,1.000000000000,,0.577096374245,,1
1882,276130,276130,276130,-12792,,1783334485391358040,1783334485391646962,1783334485391646962,,1783334485391634170,1783334485391634170,,3,1.000000000000,1.000000000000,1.000000000000,,0.575647376114,,1
1883,273179,273179,273179,-13430,,1783334485391480721,1783334485391767330,1783334485391767330,,1783334485391753900,1783334485391753900,,2,1.000000000000,1.000000000000,1.000000000000,,0.579054892618,,1
1884,277288,277288,277288,-12150,,1783334485391600981,1783334485391890419,1783334485391890419,,1783334485391878269,1783334485391878269,,0,1.000000000000,1.000000000000,1.000000000000,,0.574315719445,,1
1885,273217,273217,273217,-14469,,1783334485391723592,1783334485392011278,1783334485392011278,,1783334485391996809,1783334485391996809,,0,1.000000000000,1.000000000000,1.000000000000,,0.579010886118,,1
1886,274196,274196,274196,-14608,,1783334485391842193,1783334485392130997,1783334485392130997,,1783334485392116389,1783334485392116389,,0,1.000000000000,1.000000000000,1.000000000000,,0.577878291975,,1
1887,282415,282415,282415,-10597,,1783334485391959673,1783334485392252685,1783334485392252685,,1783334485392242088,1783334485392242088,,0,1.000000000000,1.000000000000,1.000000000000,,0.568456776196,,1
1888,290034,290034,290034,-10746,,1783334485392077164,1783334485392377944,1783334485392377944,,1783334485392367198,1783334485392367198,,1,1.000000000000,1.000000000000,1.000000000000,,0.559860294771,,1
1889,281972,281972,281972,-15386,,1783334485392194215,1783334485392491573,1783334485392491573,,1783334485392476187,1783334485392476187,,1,1.000000000000,1.000000000000,1.000000000000,,0.568960652084,,1
1890,275102,275102,275102,-14304,,1783334485392311646,1783334485392601052,1783334485392601052,,1783334485392586748,1783334485392586748,,1,1.000000000000,1.000000000000,1.000000000000,,0.576832124624,,1
1891,275000,275000,275000,-12953,,1783334485392434507,1783334485392722460,1783334485392722460,,1783334485392709507,1783334485392709507,,3,1.000000000000,1.000000000000,1.000000000000,,0.576949810380,,1
1892,279809,279809,279809,-12212,,1783334485392557878,1783334485392849899,1783334485392849899,,1783334485392837687,1783334485392837687,,1,1.000000000000,1.000000000000,1.000000000000,,0.571427307393,,1
1893,272858,272858,272858,-14172,,1783334485392678308,1783334485392965338,1783334485392965338,,1783334485392951166,1783334485392951166,,0,1.000000000000,1.000000000000,1.000000000000,,0.579426765217,,1
1894,272857,272857,272857,-12551,,1783334485392798439,1783334485393083847,1783334485393083847,,1783334485393071296,1783334485393071296,,3,1.000000000000,1.000000000000,1.000000000000,,0.579427924072,,1
1895,284316,284316,284316,-13489,,1783334485392915740,1783334485393213545,1783334485393213545,,1783334485393200056,1783334485393200056,,1,1.000000000000,1.000000000000,1.000000000000,,0.566299606910,,1
1896,272405,272405,272405,-14359,,1783334485393029240,1783334485393316004,1783334485393316004,,1783334485393301645,1783334485393301645,,2,1.000000000000,1.000000000000,1.000000000000,,0.579951963745,,1
1897,273144,273144,273144,-13808,,1783334485393149211,1783334485393436163,1783334485393436163,,1783334485393422355,1783334485393422355,,1,1.000000000000,1.000000000000,1.000000000000,,0.579095427879,,1
1898,271312,271312,271312,-14278,,1783334485393268602,1783334485393554192,1783334485393554192,,1783334485393539914,1783334485393539914,,1,1.000000000000,1.000000000000,1.000000000000,,0.581221125427,,1
1899,281261,281261,281261,-9606,,1783334485393386023,1783334485393676890,1783334485393676890,,1783334485393667284,1783334485393667284,,1,1.000000000000,1.000000000000,1.000000000000,,0.569770289647,,1
1900,275379,275379,275379,-12036,,1783334485393509264,1783334485393796679,1783334485393796679,,1783334485393784643,1783334485393784643,,0,1.000000000000,1.000000000000,1.000000000000,,0.576512648130,,1
1901,274509,274509,274509,-13106,,1783334485393629904,1783334485393917519,1783334485393917519,,1783334485393904413,1783334485393904413,,0,1.000000000000,1.000000000000,1.000000000000,,0.577516653369,,1
1902,277677,277677,277677,-13386,,1783334485393748845,1783334485394039908,1783334485394039908,,1783334485394026522,1783334485394026522,,0,1.000000000000,1.000000000000,1.000000000000,,0.573869075582,,1
1903,274336,274336,274336,-12694,,1783334485393866686,1783334485394153716,1783334485394153716,,1783334485394141022,1783334485394141022,,3,1.000000000000,1.000000000000,1.000000000000,,0.577716508704,,1
1904,276546,276546,276546,-11653,,1783334485393984496,1783334485394272695,1783334485394272695,,1783334485394261042,1783334485394261042,,0,1.000000000000,1.000000000000,1.000000000000,,0.575168636680,,1
1905,271363,271363,271363,-14463,,1783334485394101918,1783334485394387744,1783334485394387744,,1783334485394373281,1783334485394373281,,2,1.000000000000,1.000000000000,1.000000000000,,0.581161843895,,1
1906,273852,273852,273852,-14002,,1783334485394219289,1783334485394507143,1783334485394507143,,1783334485394493141,1783334485394493141,,3,1.000000000000,1.000000000000,1.000000000000,,0.578276009039,,1
1907,276401,276401,276401,-12541,,1783334485394336779,1783334485394625721,1783334485394625721,,1783334485394613180,1783334485394613180,,2,1.000000000000,1.000000000000,1.000000000000,,0.575335459773,,1
1908,275340,275340,275340,-13190,,1783334485394461780,1783334485394750310,1783334485394750310,,1783334485394737120,1783334485394737120,,0,1.000000000000,1.000000000000,1.000000000000,,0.576557617870,,1
1909,274078,274078,274078,-12880,,1783334485394582741,1783334485394869699,1783334485394869699,,1783334485394856819,1783334485394856819,,1,1.000000000000,1.000000000000,1.000000000000,,0.578014687346,,1
1910,274488,274488,274488,-13279,,1783334485394703201,1783334485394990968,1783334485394990968,,1783334485394977689,1783334485394977689,,0,1.000000000000,1.000000000000,1.000000000000,,0.577540909577,,1
1911,275137,275137,275137,-13597,,1783334485394821762,1783334485395110496,1783334485395110496,,1783334485395096899,1783334485395096899,,3,1.000000000000,1.000000000000,1.000000000000,,0.576791747788,,1
1912,275856,275856,275856,-10807,,1783334485394943912,1783334485395230575,1783334485395230575,,1783334485395219768,1783334485395219768,,2,1.000000000000,1.000000000000,1.000000000000,,0.575962917327,,1
1913,272244,272244,272244,-14416,,1783334485395061394,1783334485395348054,1783334485395348054,,1783334485395333638,1783334485395333638,,0,1.000000000000,1.000000000000,1.000000000000,,0.580138738347,,1
1914,274002,274002,274002,-14876,,1783334485395183495,1783334485395472373,1783334485395472373,,1783334485395457497,1783334485395457497,,0,1.000000000000,1.000000000000,1.000000000000,,0.578102552256,,1
1915,282703,282703,282703,-10863,,1783334485395303825,1783334485395597391,1783334485395597391,,1783334485395586528,1783334485395586528,,2,1.000000000000,1.000000000000,1.000000000000,,0.568129439375,,1
1916,274381,274381,274381,-13083,,1783334485395426406,1783334485395713870,1783334485395713870,,1783334485395700787,1783334485395700787,,3,1.000000000000,1.000000000000,1.000000000000,,0.577664516558,,1
1917,277450,277450,277450,-13292,,1783334485395552177,1783334485395842919,1783334485395842919,,1783334485395829627,1783334485395829627,,1,1.000000000000,1.000000000000,1.000000000000,,0.574129671293,,1
1918,275999,275999,275999,-14321,,1783334485395674937,1783334485395965257,1783334485395965257,,1783334485395950936,1783334485395950936,,2,1.000000000000,1.000000000000,1.000000000000,,0.575798215486,,1
1919,271538,271538,271538,-14440,,1783334485395794188,1783334485396080166,1783334485396080166,,1783334485396065726,1783334485396065726,,3,1.000000000000,1.000000000000,1.000000000000,,0.580958472842,,1
1920,271446,271446,271446,-13649,,1783334485395911580,1783334485396196675,1783334485396196675,,1783334485396183026,1783334485396183026,,1,1.000000000000,1.000000000000,1.000000000000,,0.581065379036,,1
1921,277115,277115,277115,-12309,,1783334485396037560,1783334485396326984,1783334485396326984,,1783334485396314675,1783334485396314675,,0,1.000000000000,1.000000000000,1.000000000000,,0.574514467065,,1
1922,274374,274374,274374,-12037,,1783334485396155801,1783334485396442212,1783334485396442212,,1783334485396430175,1783334485396430175,,2,1.000000000000,1.000000000000,1.000000000000,,0.577672603917,,1
1923,290472,290472,290472,-3507,,1783334485396273642,1783334485396567621,1783334485396567621,,1783334485396564114,1783334485396564114,,0,1.000000000000,1.000000000000,1.000000000000,,0.559370071902,,1
1924,277312,277312,277312,-12026,,1783334485396387162,1783334485396676500,1783334485396676500,,1783334485396664474,1783334485396664474,,3,1.000000000000,1.000000000000,1.000000000000,,0.574288152952,,1
1925,277540,277540,277540,-12516,,1783334485396509823,1783334485396799879,1783334485396799879,,1783334485396787363,1783334485396787363,,0,1.000000000000,1.000000000000,1.000000000000,,0.574026337253,,1
1926,274949,274949,274949,-12545,,1783334485396632284,1783334485396919778,1783334485396919778,,1783334485396907233,1783334485396907233,,0,1.000000000000,1.000000000000,1.000000000000,,0.577008662263,,1
1927,274668,274668,274668,-13785,,1783334485396752804,1783334485397041257,1783334485397041257,,1783334485397027472,1783334485397027472,,1,1.000000000000,1.000000000000,1.000000000000,,0.577333032270,,1
1928,275916,275916,275916,-13044,,1783334485396873136,1783334485397162096,1783334485397162096,,1783334485397149052,1783334485397149052,,1,1.000000000000,1.000000000000,1.000000000000,,0.575893805923,,1
1929,273396,273396,273396,-14143,,1783334485396993276,1783334485397280815,1783334485397280815,,1783334485397266672,1783334485397266672,,0,1.000000000000,1.000000000000,1.000000000000,,0.578803637321,,1
1930,271004,271004,271004,-15172,,1783334485397113697,1783334485397399873,1783334485397399873,,1783334485397384701,1783334485397384701,,2,1.000000000000,1.000000000000,1.000000000000,,0.581579267936,,1
1931,273223,273223,273223,-12391,,1783334485397235718,1783334485397521332,1783334485397521332,,1783334485397508941,1783334485397508941,,0,1.000000000000,1.000000000000,1.000000000000,,0.579003938029,,1
1932,280362,280362,280362,-9931,,1783334485397353248,1783334485397643541,1783334485397643541,,1783334485397633610,1783334485397633610,,2,1.000000000000,1.000000000000,1.000000000000,,0.570795658158,,1
1933,275101,275101,275101,-13650,,1783334485397471609,1783334485397760360,1783334485397760360,,1783334485397746710,1783334485397746710,,2,1.000000000000,1.000000000000,1.000000000000,,0.576833278289,,1
1934,275689,275689,275689,-14739,,1783334485397595780,1783334485397886208,1783334485397886208,,1783334485397871469,1783334485397871469,,3,1.000000000000,1.000000000000,1.000000000000,,0.576155321071,,1
1935,272218,272218,272218,-14418,,1783334485397717501,1783334485398004137,1783334485398004137,,1783334485397989719,1783334485397989719,,1,1.000000000000,1.000000000000,1.000000000000,,0.580168906346,,1
1936,277286,277286,277286,-12138,,1783334485397836412,1783334485398125836,1783334485398125836,,1783334485398113698,1783334485398113698,,2,1.000000000000,1.000000000000,1.000000000000,,0.574318016712,,1
1937,277155,277155,277155,-11477,,1783334485397959033,1783334485398247665,1783334485398247665,,1783334485398236188,1783334485398236188,,2,1.000000000000,1.000000000000,1.000000000000,,0.574468507746,,1
1938,272285,272285,272285,-14375,,1783334485398077533,1783334485398364193,1783334485398364193,,1783334485398349818,1783334485398349818,,3,1.000000000000,1.000000000000,1.000000000000,,0.580091168921,,1
1939,274593,274593,274593,-12795,,1783334485398196274,1783334485398483662,1783334485398483662,,1783334485398470867,1783334485398470867,,2,1.000000000000,1.000000000000,1.000000000000,,0.577419638720,,1
1940,287333,287333,287333,-11743,,1783334485398317875,1783334485398616951,1783334485398616951,,1783334485398605208,1783334485398605208,,0,1.000000000000,1.000000000000,1.000000000000,,0.562892843623,,1
1941,273842,273842,273842,-13123,,1783334485398435045,1783334485398722010,1783334485398722010,,1783334485398708887,1783334485398708887,,1,1.000000000000,1.000000000000,1.000000000000,,0.578287574674,,1
1942,273440,273440,273440,-13281,,1783334485398560337,1783334485398847058,1783334485398847058,,1783334485398833777,1783334485398833777,,0,1.000000000000,1.000000000000,1.000000000000,,0.578752704842,,1
1943,280218,280218,280218,-9091,,1783334485398679178,1783334485398968487,1783334485398968487,,1783334485398959396,1783334485398959396,,1,1.000000000000,1.000000000000,1.000000000000,,0.570960070981,,1
1944,274218,274218,274218,-12690,,1783334485398799488,1783334485399086396,1783334485399086396,,1783334485399073706,1783334485399073706,,0,1.000000000000,1.000000000000,1.000000000000,,0.577852865889,,1
1945,275866,275866,275866,-12530,,1783334485398919739,1783334485399208135,1783334485399208135,,1783334485399195605,1783334485399195605,,2,1.000000000000,1.000000000000,1.000000000000,,0.575951398183,,1
1946,274955,274955,274955,-12719,,1783334485399038730,1783334485399326404,1783334485399326404,,1783334485399313685,1783334485399313685,,3,1.000000000000,1.000000000000,1.000000000000,,0.577001738200,,1
1947,274745,274745,274745,-13177,,1783334485399157520,1783334485399445442,1783334485399445442,,1783334485399432265,1783334485399432265,,0,1.000000000000,1.000000000000,1.000000000000,,0.577244129829,,1
1948,275913,275913,275913,-10327,,1783334485399277891,1783334485399564131,1783334485399564131,,1783334485399553804,1783334485399553804,,0,1.000000000000,1.000000000000,1.000000000000,,0.575897261297,,1
1949,272922,272922,272922,-14546,,1783334485399395432,1783334485399682900,1783334485399682900,,1783334485399668354,1783334485399668354,,3,1.000000000000,1.000000000000,1.000000000000,,0.579352603338,,1
1950,277980,277980,277980,-14196,,1783334485399512843,1783334485399805019,1783334485399805019,,1783334485399790823,1783334485399790823,,3,1.000000000000,1.000000000000,1.000000000000,,0.573521416274,,1
1951,282139,282139,282139,-13225,,1783334485399638674,1783334485399934038,1783334485399934038,,1783334485399920813,1783334485399920813,,0,1.000000000000,1.000000000000,1.000000000000,,0.568770650958,,1
1952,274967,274967,274967,-12575,,1783334485399752705,1783334485400040247,1783334485400040247,,1783334485400027672,1783334485400027672,,1,1.000000000000,1.000000000000,1.000000000000,,0.576987890325,,1
1953,272867,272867,272867,-13654,,1783334485399871225,1783334485400157746,1783334485400157746,,1783334485400144092,1783334485400144092,,3,1.000000000000,1.000000000000,1.000000000000,,0.579416335629,,1
1954,273575,273575,273575,-13904,,1783334485399989786,1783334485400277265,1783334485400277265,,1783334485400263361,1783334485400263361,,3,1.000000000000,1.000000000000,1.000000000000,,0.578596462705,,1
1955,283875,283875,283875,-4662,,1783334485400107586,1783334485400396123,1783334485400396123,,1783334485400391461,1783334485400391461,,2,1.000000000000,1.000000000000,1.000000000000,,0.566799303497,,1
1956,271994,271994,271994,-13001,,1783334485400228107,1783334485400513102,1783334485400513102,,1783334485400500101,1783334485400500101,,1,1.000000000000,1.000000000000,1.000000000000,,0.580428880246,,1
1957,279422,279422,279422,-10651,,1783334485400345428,1783334485400635501,1783334485400635501,,1783334485400624850,1783334485400624850,,2,1.000000000000,1.000000000000,1.000000000000,,0.571869763337,,1
1958,273191,273191,273191,-13810,,1783334485400466709,1783334485400753710,1783334485400753710,,1783334485400739900,1783334485400739900,,0,1.000000000000,1.000000000000,1.000000000000,,0.579040995467,,1
1959,272529,272529,272529,-14159,,1783334485400587110,1783334485400873798,1783334485400873798,,1783334485400859639,1783334485400859639,,0,1.000000000000,1.000000000000,1.000000000000,,0.579808153492,,1
1960,270758,270758,270758,-14918,,1783334485400705641,1783334485400991317,1783334485400991317,,1783334485400976399,1783334485400976399,,0,1.000000000000,1.000000000000,1.000000000000,,0.581865475337,,1
1961,276697,276697,276697,-12688,,1783334485400823161,1783334485401112546,1783334485401112546,,1783334485401099858,1783334485401099858,,3,1.000000000000,1.000000000000,1.000000000000,,0.574994961978,,1
1962,272186,272186,272186,-14767,,1783334485400946562,1783334485401233515,1783334485401233515,,1783334485401218748,1783334485401218748,,1,1.000000000000,1.000000000000,1.000000000000,,0.580206038344,,1
1963,272334,272334,272334,-14416,,1783334485401063793,1783334485401350543,1783334485401350543,,1783334485401336127,1783334485401336127,,2,1.000000000000,1.000000000000,1.000000000000,,0.580034322772,,1
1964,271154,271154,271154,-14845,,1783334485401177013,1783334485401463012,1783334485401463012,,1783334485401448167,1783334485401448167,,0,1.000000000000,1.000000000000,1.000000000000,,0.581404820324,,1
1965,281433,281433,281433,-11613,,1783334485401297045,1783334485401590091,1783334485401590091,,1783334485401578478,1783334485401578478,,2,1.000000000000,1.000000000000,1.000000000000,,0.569574322375,,1
1966,279861,279861,279861,-13043,,1783334485401415626,1783334485401708530,1783334485401708530,,1783334485401695487,1783334485401695487,,2,1.000000000000,1.000000000000,1.000000000000,,0.571367882043,,1
1967,273941,273941,273941,-12971,,1783334485401534286,1783334485401821198,1783334485401821198,,1783334485401808227,1783334485401808227,,2,1.000000000000,1.000000000000,1.000000000000,,0.578173085069,,1
1968,273879,273879,273879,-11951,,1783334485401659977,1783334485401945807,1783334485401945807,,1783334485401933856,1783334485401933856,,3,1.000000000000,1.000000000000,1.000000000000,,0.578244782977,,1
1969,273938,273938,273938,-13430,,1783334485401782168,1783334485402069536,1783334485402069536,,1783334485402056106,1783334485402056106,,1,1.000000000000,1.000000000000,1.000000000000,,0.578176554118,,1
1970,274617,274617,274617,-10360,,1783334485401905028,1783334485402190005,1783334485402190005,,1783334485402179645,1783334485402179645,,0,1.000000000000,1.000000000000,1.000000000000,,0.577391923243,,1
1971,280006,280006,280006,-7228,,1783334485402023779,1783334485402311013,1783334485402311013,,1783334485402303785,1783334485402303785,,1,1.000000000000,1.000000000000,1.000000000000,,0.571202209381,,1
1972,278124,278124,278124,-11558,,1783334485402145920,1783334485402435602,1783334485402435602,,1783334485402424044,1783334485402424044,,2,1.000000000000,1.000000000000,1.000000000000,,0.573356265888,,1
1973,277183,277183,277183,-9937,,1783334485402268141,1783334485402555261,1783334485402555261,,1783334485402545324,1783334485402545324,,0,1.000000000000,1.000000000000,1.000000000000,,0.574436338410,,1
1974,275252,275252,275252,-13355,,1783334485402390722,1783334485402679329,1783334485402679329,,1783334485402665974,1783334485402665974,,0,1.000000000000,1.000000000000,1.000000000000,,0.576659100941,,1
1975,272210,272210,272210,-13965,,1783334485402509823,1783334485402795998,1783334485402795998,,1783334485402782033,1783334485402782033,,3,1.000000000000,1.000000000000,1.000000000000,,0.580178189122,,1
1976,278820,278820,278820,-11185,,1783334485402630353,1783334485402920358,1783334485402920358,,1783334485402909173,1783334485402909173,,1,1.000000000000,1.000000000000,1.000000000000,,0.572558709195,,1
1977,276818,276818,276818,-11435,,1783334485402747964,1783334485403036217,1783334485403036217,,1783334485403024782,1783334485403024782,,2,1.000000000000,1.000000000000,1.000000000000,,0.574855830033,,1
1978,270687,270687,270687,-14933,,1783334485402868295,1783334485403153915,1783334485403153915,,1783334485403138982,1783334485403138982,,1,1.000000000000,1.000000000000,1.000000000000,,0.581948106102,,1
1979,279526,279526,279526,-12193,,1783334485402985985,1783334485403277704,1783334485403277704,,1783334485403265511,1783334485403265511,,2,1.000000000000,1.000000000000,1.000000000000,,0.571750826796,,1
1980,271514,271514,271514,-15072,,1783334485403099487,1783334485403386073,1783334485403386073,,1783334485403371001,1783334485403371001,,2,1.000000000000,1.000000000000,1.000000000000,,0.580986359518,,1
1981,273043,273043,273043,-12841,,1783334485403219288,1783334485403505172,1783334485403505172,,1783334485403492331,1783334485403492331,,3,1.000000000000,1.000000000000,1.000000000000,,0.579212416971,,1
1982,277842,277842,277842,-12290,,1783334485403337838,1783334485403627970,1783334485403627970,,1783334485403615680,1783334485403615680,,0,1.000000000000,1.000000000000,1.000000000000,,0.573679730031,,1
1983,276411,276411,276411,-13059,,1783334485403456519,1783334485403745989,1783334485403745989,,1783334485403732930,1783334485403732930,,3,1.000000000000,1.000000000000,1.000000000000,,0.575323953179,,1
1984,274280,274280,274280,-12529,,1783334485403577089,1783334485403863898,1783334485403863898,,1783334485403851369,1783334485403851369,,3,1.000000000000,1.000000000000,1.000000000000,,0.577781216576,,1
1985,274209,274209,274209,-12888,,1783334485403702180,1783334485403989277,1783334485403989277,,1783334485403976389,1783334485403976389,,1,1.000000000000,1.000000000000,1.000000000000,,0.577863267334,,1
1986,272067,272067,272067,-13487,,1783334485403821571,1783334485404107125,1783334485404107125,,1783334485404093638,1783334485404093638,,2,1.000000000000,1.000000000000,1.000000000000,,0.580344143815,,1
1987,281467,281467,281467,-11046,,1783334485403938951,1783334485404231464,1783334485404231464,,1783334485404220418,1783334485404220418,,3,1.000000000000,1.000000000000,1.000000000000,,0.569535592638,,1
1988,273024,273024,273024,-14476,,1783334485404058713,1783334485404346213,1783334485404346213,,1783334485404331737,1783334485404331737,,0,1.000000000000,1.000000000000,1.000000000000,,0.579234427461,,1
1989,271183,271183,271183,-14975,,1783334485404176054,1783334485404462212,1783334485404462212,,1783334485404447237,1783334485404447237,,1,1.000000000000,1.000000000000,1.000000000000,,0.581371099823,,1
1990,281563,281563,281563,-12023,,1783334485404294004,1783334485404587590,1783334485404587590,,1783334485404575567,1783334485404575567,,2,1.000000000000,1.000000000000,1.000000000000,,0.569426252301,,1
1991,275192,275192,275192,-14682,,1783334485404412725,1783334485404702599,1783334485404702599,,1783334485404687917,1783334485404687917,,1,1.000000000000,1.000000000000,1.000000000000,,0.576728304185,,1
1992,274991,274991,274991,-12511,,1783334485404528596,1783334485404816098,1783334485404816098,,1783334485404803587,1783334485404803587,,2,1.000000000000,1.000000000000,1.000000000000,,0.576960195571,,1
1993,275070,275070,275070,-13341,,1783334485404649036,1783334485404937447,1783334485404937447,,1783334485404924106,1783334485404924106,,1,1.000000000000,1.000000000000,1.000000000000,,0.576869043061,,1
1994,275699,275699,275699,-14079,,1783334485404777777,1783334485405067555,1783334485405067555,,1783334485405053476,1783334485405053476,,0,1.000000000000,1.000000000000,1.000000000000,,0.576143798079,,1
1995,274916,274916,274916,-13989,,1783334485404897299,1783334485405186204,1783334485405186204,,1783334485405172215,1783334485405172215,,1,1.000000000000,1.000000000000,1.000000000000,,0.577046746091,,1
1996,275946,275946,275946,-14608,,1783334485405010679,1783334485405301233,1783334485405301233,,1783334485405286625,1783334485405286625,,3,1.000000000000,1.000000000000,1.000000000000,,0.575859253332,,1
1997,275784,275784,275784,-10788,,1783334485405131960,1783334485405418532,1783334485405418532,,1783334485405407744,1783334485405407744,,2,1.000000000000,1.000000000000,1.000000000000,,0.576045861959,,1
1998,282773,282773,282773,-10947,,1783334485405252781,1783334485405546501,1783334485405546501,,1783334485405535554,1783334485405535554,,1,1.000000000000,1.000000000000,1.000000000000,,0.568049906821,,1
1999,281843,281843,281843,-9375,,1783334485405371091,1783334485405662309,1783334485405662309,,1783334485405652934,1783334485405652934,,3,1.000000000000,1.000000000000,1.000000000000,,0.569107462870,,1
2000,273481,273481,273481,-12655,,1783334485405494632,1783334485405780768,1783334485405780768,,1783334485405768113,1783334485405768113,,2,1.000000000000,1.000000000000,1.000000000000,,0.578705249066,,1
