==================================================================================================================
                                          AEGSO METRICS – lab  (W0=1.00)                                          
==================================================================================================================
 pswap  M_ok  pgen_Navg  t_gen_µs  t_exp_µs  t_total_µs  gen_rtt_µs  W_repeater  EN_mean   Rate_ebits/s 
------------------------------------------------------------------------------------------------------------------
 0.10   443     1.08      410.04     1.33      411.36      385.22      0.7634    0.998622      7.37     
 0.20   1050    1.11      408.37     1.66      410.03      385.75      0.7685    0.998301     17.47     
 0.30   1446    1.10      423.39     1.08      424.47      391.45      0.7605    0.998865     24.07     
 0.40   1734    1.08      410.66     2.58      413.24      390.00      0.7686    0.997396     28.82     
 0.50   2396    1.09      407.19     0.65      407.84      386.86      0.7670    0.999321     39.91     
 0.60   2998    1.08      408.42     1.17      409.59      385.22      0.7670    0.998833     49.91     
 0.70   3368    1.09      412.00     1.06      413.06      385.15      0.7633    0.998903     56.07     
 0.80   4195    1.10      415.43     1.07      416.50      387.81      0.7700    0.998904     69.84     
 0.90   4840    1.10      419.57     1.26      420.83      389.15      0.7633    0.998718     80.56     
 1.00   4254    1.07      408.30     2.17      410.46      391.23      0.7693    0.997820     70.75     
==================================================================================================================
