==================================================================================================================
                                        AEGSO METRICS – teleco  (W0=1.00)                                         
==================================================================================================================
 pswap  M_ok  pgen_Navg  t_gen_µs  t_exp_µs  t_total_µs  gen_rtt_µs  W_repeater  EN_mean   Rate_ebits/s 
------------------------------------------------------------------------------------------------------------------
 0.10   442     1.11      174.53    164.28     338.81      166.20      0.7647    0.828056      6.10     
 0.20   1048    1.14      165.38    172.03     337.41      160.05      0.7683    0.820211     14.33     
 0.30   1442    1.15      167.54    187.93     355.47      160.53      0.7610    0.804561     19.34     
 0.40   1733    1.12      167.36    165.95     333.32      161.02      0.7685    0.826326     23.87     
 0.50   2392    1.12      160.54    154.99     315.53      160.39      0.7671    0.837762     33.40     
 0.60   3003    1.12      160.59    167.52     328.11      156.98      0.7664    0.824766     41.28     
 0.70   3368    1.14      166.27    181.68     347.95      160.08      0.7633    0.810621     45.50     
 0.80   4190    1.14      168.43    157.78     326.21      163.11      0.7703    0.835381     58.34     
 0.90   4840    1.15      170.80    163.15     333.95      162.35      0.7629    0.830175     66.97     
 1.00   4254    1.11      168.31    175.40     343.71      165.83      0.7694    0.816091     57.86     
==================================================================================================================
