
==========================================================================================
 MEAN t_vuelta & DIFFERENCE SUMMARY PER pgen (CSV Index: ALL) 
==========================================================================================
 pgen  csv_files  t_vuelta_fixed [us]  t_vuelta_real [us]  t_exp_ts [ms]  t_exp_rtt [ms]  diff_w [%]  diff_Rate_TP [%]  diff_Rate_ATT [%]
  0.1          6                220.0          220.226649       4.025576        4.005612   -0.015621         -0.031524          -0.016125
  0.2          6                220.0          213.560984       1.802490        1.793519    0.665462          1.006086           0.966763
  0.3          6                220.0          231.719151       1.235198        1.229498   -1.158317         -1.804823          -1.822072
  0.4          6                220.0          217.894450       0.929345        0.925239    0.227207          0.333752           0.389188
  0.5          6                220.0          221.074022       0.742000        0.739190   -0.092433         -0.158515          -0.094405
  0.6          6                220.0          204.653619       0.623611        0.621635    1.576374          2.392923           2.431640
  0.7          7                220.0          213.442821       0.532468        0.531145    0.685382          1.028273           1.043267
  0.8          6                220.0          212.924992       0.469391        0.468665    0.743744          1.111541           1.101527
  0.9          6                220.0          211.600258       0.421004        0.420643    0.858064          1.307473           1.329738
  1.0          7                220.0          220.271360       0.378847        0.378847   -0.024374         -0.040574          -0.038292
==========================================================================================

==========================================================================================
 AEGO EXPERIMENTAL ENTANGLEMENT METRICS SUMMARY 
==========================================================================================

 pgen  n_experiments_clean  total_attempts    mean_N  t_exp_theoretical_mean_ms  rtt_emp_mean_us  E_N_real_mean  Rate_real_throughput  Rate_rtt_throughput  Rate_real_attempt  Rate_rtt_attempt  Rate_real_indiv_mean  w_exp_real  diff_w_%
  0.1                  525            5443 10.367619                   4.147048       388.546562       0.631963            156.986900           157.769310          39.775464         39.898532            412.376855    0.699815 -0.015621
  0.2                 1181            5446  4.611346                   1.844539       390.665707       0.638522            354.244342           356.016216         148.783985        149.168565            686.094481    0.704582  0.665462
  0.3                 1694            5414  3.195986                   1.278394       386.119122       0.620753            502.552972           504.882980         264.952561        265.502856            846.784632    0.691817 -1.158317
  0.4                 2268            5457  2.406085                   0.962434       385.805512       0.634272            682.493411           685.522082         421.729478        422.464764           1014.716825    0.701514  0.227207
  0.5                 2847            5453  1.915349                   0.766140       386.829204       0.631160            850.619181           853.853310         601.510999        602.333500           1152.103786    0.699277 -0.092433
  0.6                 3387            5474  1.616180                   0.646472       385.429964       0.647289           1037.969278          1041.268011         803.534451        804.406531           1298.655916    0.710957  1.576374
  0.7                 4644            6406  1.379414                   0.551766       385.658671       0.638662           1199.437264          1202.425217        1012.996697       1013.771715           1397.342128    0.704721  0.685382
  0.8                 4556            5522  1.212028                   0.484811       387.124125       0.639189           1361.739030          1363.849196        1230.082423       1230.653169           1490.894455    0.705130  0.743744
  0.9                 5076            5539  1.091214                   0.436485       385.676154       0.640427           1521.190262          1522.496584        1453.617029       1453.968988           1586.206604    0.705930  0.858064
  1.0                 6589            6589  1.000000                   0.400000       378.847364       0.631905           1667.968392          1667.971651        1668.419908       1668.423042           1668.419908    0.699753 -0.024374

[+] Summary exported to: aego_metrics_summary.csv
[+] Per-experiment detailed metrics exported to: aego_detailed_experiments.csv
[+] Direct comparison plot saved to: aego_metrics_comparison.png
[+] Sequential comparison plot saved to: aego_metrics_comparison_seq.png
[+] Attempts and duration plot saved to: aego_attempts_duration.png
