======================================================================================================
           AESO EXPERIMENTAL ENTANGLEMENT METRICS SUMMARY (Client Lab, Tcoh=1.0ms, W0=1.00)           
======================================================================================================
 pswap  M_total  N_attempts_total   Nswap    tswap_mean_ms  swap_recv_ns_mean  EN_mean   Rate_indiv_mean 
------------------------------------------------------------------------------------------------------
  0.1     762          7559        9.919948    4.040070         263151.04      0.725069    448.066933    
  0.2    1563          7624        4.877799    1.985914         268177.94      0.719983    716.161674    
  0.3    2404          7579        3.152662    1.281058         276840.63      0.711304    924.891999    
  0.4    3937          9546        2.424689    0.987333         266337.94      0.721839    1083.865502   
  0.5    4911          9551        1.944818    0.791955         272550.76      0.715605    1219.559416   
  0.6    5993          9622        1.605540    0.653552         273339.45      0.714807    1361.405498   
  0.7    5649          7736        1.369446    0.557247         271576.17      0.716589    1490.471546   
  0.8    6350          7741        1.219055    0.496377         272446.74      0.715701    1581.743125   
  0.9    10718        11668        1.088636    0.442550         268355.32      0.719809    1692.304459   
  1.0    11889        11889        1.000000    0.407578         273696.87      0.714441    1752.944803   
======================================================================================================
