======================================================================================================
         AESO EXPERIMENTAL ENTANGLEMENT METRICS SUMMARY (Client Teleco, Tcoh=1.0ms, W0=1.00)          
======================================================================================================
 pswap  M_total  N_attempts_total    Nswap    tswap_mean_ms  swap_recv_ns_mean  EN_mean   Rate_indiv_mean 
------------------------------------------------------------------------------------------------------
  0.1     770          7974        10.355844    4.217520         102231.11      0.890837    545.063759    
  0.2    1579          7995        5.063331     2.061438         79626.09       0.914720    901.318052    
  0.3    2429          7987        3.288184     1.336018         85879.51       0.908111    1170.729982   
  0.4    3976          9995        2.513833     1.023549         82439.81       0.911849    1357.871650   
  0.5    4961          9994        2.014513     0.820255         100359.55      0.892827    1509.092443   
  0.6    6054          9998        1.651470     0.672188         68163.51       0.926901    1751.750856   
  0.7    5703          7998        1.402420     0.570634         109947.27      0.882723    1823.067572   
  0.8    6414          7999        1.247116     0.507718         100180.46      0.893054    1960.042289   
  0.9    10827        12000        1.108340     0.450513         69021.41       0.925986    2162.969655   
  1.0    12000        12000        1.000000     0.407669         100586.44      0.892568    2189.532880   
======================================================================================================
