==================================================================================================================
                                          AEGSO METRICS – lab  (W0=1.00)                                          
==================================================================================================================
 pswap  M_ok  pgen_Navg  t_gen_µs  t_exp_µs  t_total_µs  gen_rtt_µs  W_repeater  EN_mean   Rate_ebits/s 
------------------------------------------------------------------------------------------------------------------
 0.10   443     1.08      410.04     1.33      411.36      385.22      0.7634    0.998622     442.39    
 0.20   1052    1.12      409.46     2.13      411.60      385.76      0.7684    0.997825    1049.71    
 0.30   1448    1.11      428.25     1.08      429.34      391.61      0.7601    0.998867    1446.36    
 0.40   1734    1.08      410.66     2.58      413.24      390.00      0.7686    0.997396    1729.48    
 0.50   2396    1.09      407.19     0.65      407.84      386.86      0.7670    0.999321    2394.37    
 0.60   2998    1.08      408.42     1.17      409.59      385.22      0.7670    0.998833    2994.50    
 0.70   3368    1.09      412.00     1.06      413.06      385.15      0.7633    0.998903    3364.31    
 0.80   4195    1.10      415.43     1.07      416.50      387.81      0.7700    0.998904    4190.40    
 0.90   4840    1.10      419.57     1.26      420.83      389.15      0.7633    0.998718    4833.79    
 1.00   4254    1.07      408.30     2.17      410.46      391.23      0.7693    0.997820    4244.73    
==================================================================================================================
