==================================================================================================================
                                        AEGSO METRICS – teleco  (W0=1.00)                                         
==================================================================================================================
 pswap  M_ok  pgen_Navg  t_gen_µs  t_exp_µs  t_total_µs  gen_rtt_µs  W_repeater  EN_mean   Rate_ebits/s 
------------------------------------------------------------------------------------------------------------------
 0.10   442     1.11      174.53    164.28     338.81      166.20      0.7647    0.828056     366.00    
 0.20   1051    1.15      171.00    171.54     342.54      160.03      0.7682    0.820724     862.58    
 0.30   1444    1.16      171.32    188.44     359.76      160.89      0.7606    0.804072    1161.08    
 0.40   1733    1.12      167.36    165.95     333.32      161.02      0.7685    0.826326    1432.02    
 0.50   2392    1.12      160.54    154.99     315.53      160.39      0.7671    0.837762    2003.93    
 0.60   3003    1.12      160.59    167.52     328.11      156.98      0.7664    0.824766    2476.77    
 0.70   3368    1.14      166.27    181.68     347.95      160.08      0.7633    0.810621    2730.17    
 0.80   4190    1.14      168.43    157.78     326.21      163.11      0.7703    0.835381    3500.25    
 0.90   4840    1.15      170.80    163.15     333.95      162.35      0.7629    0.830175    4018.05    
 1.00   4254    1.11      168.31    175.40     343.71      165.83      0.7694    0.816091    3471.65    
==================================================================================================================
